org_id freebase_id
2789 9706
3790 12365
2815 1968
3056 1267
3334 14275
2355 10079
886 8428
930 3750
865 5087
1054 8245
3513 108
1442 11532
3805 642
2157 8209
599 12590
2777 10073
424 7342
1281 13354
2877 8161
2817 4742
786 5334
2778 6717
2985 2869
2230 7945
2035 4335
396 6877
2514 12950
132 2519
436 566
203 11070
1645 3046
3704 7960
1292 7816
2587 9065
3271 9346
3676 9491
1726 13699
614 11167
2813 14273
3440 14556
3082 11690
1563 14683
2466 9764
897 12451
3449 3717
1479 4023
3887 12661
3377 1194
2319 4992
86 3415
3274 6839
3468 8551
1529 14027
2394 12037
431 10750
1592 10549
3253 13738
2765 6239
1817 1115
3001 3284
1207 4419
184 2140
2554 6560
3578 10728
2155 10170
3531 300
1869 1483
2849 12330
639 5007
2029 5161
129 9020
2119 7413
3034 10724
2663 10345
1904 1403
3481 6140
831 7787
157 10344
1979 14695
2631 12333
3466 1996
837 8289
2011 5011
979 6489
252 10029
2331 6978
3602 4927
1378 4729
3868 3129
1893 2742
2501 302
1189 9187
2898 6851
611 8201
1124 9291
1639 13304
1649 12051
149 8494
3872 4443
32 11618
2785 6177
197 1339
2636 10881
103 5751
3447 7553
3359 12224
2489 6451
3354 6634
916 3344
1782 11604
2273 6794
1513 7185
1516 5638
48 12034
1070 4596
1914 5981
204 12219
719 5587
2122 3160
2990 14144
1892 10040
884 2055
1350 11280
3372 14053
2339 12643
3069 12458
1023 14088
375 897
919 10968
3496 11132
858 7212
988 5770
2455 10097
1995 5608
2382 10715
499 3342
2583 14631
3896 14379
1959 12935
877 6096
3422 12862
2052 5780
1596 808
1648 13569
551 3448
3759 13733
2173 293
893 13128
1051 11744
2733 4903
160 218
239 10011
1016 11801
2424 1108
2227 13546
3576 953
228 4841
3316 10114
880 2907
3903 559
2840 2821
3303 694
1271 4276
1087 11098
3088 7073
2946 14127
848 7928
2395 2139
2886 2178
452 630
557 8606
1719 1647
822 9753
3671 12547
2003 13841
3865 1777
1606 3740
1225 9482
3943 4330
3299 6718
3667 7707
3107 807
1269 7037
751 8105
3611 4388
3360 8439
2676 9192
2188 8347
341 3040
374 9638
3414 13822
2780 13055
3014 6397
1307 8226
3947 2792
2831 2886
2914 9310
2325 2333
2968 1981
2143 6019
2795 13094
613 8256
3795 12157
1832 5031
446 3626
387 8992
2267 1689
2687 10393
2442 10856
1564 10327
2081 6188
2181 4369
590 8232
2547 2635
3167 2993
3648 12566
43 13977
3665 13457
1704 3080
3808 6168
1948 13594
2182 11353
3938 12241
19 6774
2607 5133
1191 875
1105 4244
1517 4818
2217 10113
3325 38
3600 9711
1206 13821
1805 13919
1089 6477
2427 3364
3380 12597
3199 4493
1967 435
1173 4828
1285 8135
1975 10614
750 9671
3346 7878
2769 7729
469 2498
1586 13279
1445 6099
1424 1146
240 12496
2468 1254
529 10246
2162 8316
2552 4261
2158 11254
816 9940
181 11963
1668 5443
444 12575
3243 12142
3111 9735
345 11400
344 5093
1701 12827
122 7786
1973 677
1952 10932
3924 10238
1305 3862
1986 11863
3473 5119
2584 12211
309 13485
3445 4029
2961 12656
1908 13880
2094 11546
1163 9467
2662 291
3550 2087
1943 5370
3066 6799
1383 11731
1964 11246
2802 12463
2460 12911
74 7336
2236 9053
3421 4385
1136 10803
1793 13297
3831 12047
1063 7478
1794 2313
2070 3443
2841 4143
2294 10195
2381 4170
2486 9222
2873 10656
3694 3911
1528 12154
2997 7066
918 14531
3563 4456
1317 3810
2689 8622
3699 11793
1705 10908
3478 13198
1391 6982
3102 12217
2713 3316
2144 12648
729 1840
3469 13718
1235 8714
2928 3530
3638 1631
1143 6594
2044 10806
3338 9830
842 3764
3129 5010
2152 8291
2043 1820
1497 8905
1722 4650
1066 126
1162 8276
241 4263
1946 4993
706 7497
1460 5913
2238 9553
1646 14525
96 1569
1214 900
280 7926
762 6981
328 9121
90 5024
1960 9655
1734 3260
3063 9391
1266 9264
3020 6789
3375 11303
754 5958
1849 9110
1018 5414
1421 6604
383 6584
3631 11492
223 9018
828 7372
1499 6972
3348 5684
1042 8369
3480 13049
899 13584
1867 9885
1978 6700
530 14157
523 598
2739 4702
2674 3573
2518 1501
1272 5260
2494 6151
1404 5301
3168 7019
1739 10032
2889 6071
2315 5996
2721 5675
2268 1439
2954 1074
1175 8389
1091 6246
334 8178
1232 1294
745 5401
1373 10469
2361 14010
3110 9449
1247 14642
2982 4084
2086 4665
1010 13337
2944 531
2307 7730
3130 10473
1744 6843
2508 8224
2979 191
1078 10568
498 6535
2311 10102
3922 11794
3475 4861
3711 3603
1333 7482
2027 3482
3448 4097
198 6650
3735 10814
483 3083
3074 12516
3003 5004
118 5738
3109 9882
10 1056
3021 5808
997 4524
486 1346
1064 12491
8 10171
1627 2618
3398 8236
3724 10700
467 6619
517 1118
461 4856
2842 13201
1938 9134
2185 3761
937 115
2160 759
1665 9850
3345 10147
146 210
3720 14415
3038 13889
1747 9654
2727 1379
3342 6362
532 8474
1147 8983
1650 13459
340 650
1466 2117
1464 674
1918 2104
2450 12221
2825 1327
3071 9277
3347 1295
3812 4527
3252 1947
278 9858
3357 1010
3898 2203
3518 6989
421 13153
1294 11871
456 12995
1196 11966
3417 7544
734 10263
1929 2946
1029 2196
1345 11941
2571 1707
562 11251
2146 7461
1496 5163
2521 11739
2640 5445
1811 12455
507 9301
470 13779
581 13491
524 11598
1399 8080
881 14405
1355 433
903 858
217 3907
1880 3687
3257 9673
1657 4996
1569 284
1570 835
177 103
3454 5861
710 13243
1197 5815
2249 10209
725 12102
2136 14077
1365 10457
2167 6434
3400 6283
1401 9831
1472 903
2560 2031
1205 10563
1068 6530
1217 1895
2505 5498
1455 13991
1566 1948
296 7638
2306 7995
326 1488
3254 9300
641 9369
145 6810
3527 3765
1449 11614
3739 9136
500 7301
2259 4164
3127 3164
3435 5941
3262 6863
3491 10980
1509 9664
1221 10437
1352 1658
1950 7887
3471 10627
539 8215
3317 2544
1032 2968
353 10887
1311 14054
2622 1303
40 3050
3308 5542
2588 13877
3528 10357
2548 9690
3744 8639
2357 4535
1095 7131
1824 3821
3763 11543
2940 7438
304 2254
494 12468
1405 1243
2883 13265
3842 2461
1284 8782
1746 7234
1241 10454
1279 3290
1854 747
33 2226
2834 4242
1815 690
3830 7702
3094 1651
3639 3341
3664 10136
1826 5639
1085 1159
2297 918
1998 13472
2741 9227
1953 14439
2202 6527
1264 11281
1255 3634
1600 4782
1629 5509
162 6029
2837 1068
2379 3228
2151 4240
2082 10152
3275 11957
3460 5789
779 1605
602 13003
2891 8233
3798 318
1769 13147
2653 2311
3845 13705
2574 767
2851 6233
3657 2674
3046 7694
2755 2629
1742 295
3115 3662
1188 5384
3834 2920
1772 5538
2666 4190
400 5083
2901 5040
2474 4120
3837 8378
3331 1183
662 10282
3755 9303
3441 11976
3678 13249
3821 1691
3036 1926
2827 9727
1585 5059
3078 11735
2986 9321
384 8277
2314 7155
2528 14042
2550 2153
64 4121
3076 4546
3555 764
3537 4934
2773 6734
2682 3659
1547 3085
2391 3534
3543 14412
2541 10460
3640 14168
1750 196
3285 3360
291 7404
2978 14022
208 5569
3269 7250
1256 106
2038 2255
3101 6969
3614 2691
3029 11549
3616 12559
349 2367
464 12121
6 12873
3859 10233
1252 7380
67 2420
1662 10928
1025 11533
1807 2714
3425 11335
487 1742
3185 8524
853 9634
2783 9582
2014 13783
1939 401
3244 4005
1723 11745
2734 3109
3206 7901
2366 11712
1643 2690
950 1122
944 9633
759 8477
2770 13540
3457 1718
846 4972
3773 11495
1127 11531
170 10551
920 1915
3725 8700
1476 4793
1387 12344
1672 7609
1171 7183
902 5364
3866 2491
2349 2814
2835 5434
989 4446
3945 11106
31 2358
2848 13710
3479 12366
314 9271
535 2146
2320 2435
385 10203
3596 4713
2569 2917
1181 13682
2154 9304
2443 5759
195 3350
216 14240
1295 8916
2485 7358
2359 13047
2150 4821
3283 12025
1783 3170
1554 7547
1287 5229
1003 3226
3304 14595
1020 13084
336 12621
2965 29
1594 8195
3321 6940
3908 5280
493 11268
2323 9096
514 4486
2400 13345
3553 6635
815 7015
429 4104
219 11113
2679 2646
913 12203
1912 4332
3713 6746
2009 8897
630 11402
1965 2517
3835 1939
2436 11670
2711 13553
1669 2416
1178 2082
905 4881
3410 7108
71 7116
1304 6037
3438 14637
2195 880
3502 11675
2123 7659
24 5522
2057 5150
684 11754
2725 3034
3613 2887
371 5535
1500 1581
2487 1112
1755 11121
2710 4791
508 7202
22 8632
3911 10006
1798 3538
3745 10089
1289 239
1989 6984
1414 6328
168 12753
3049 9696
3300 12244
2221 11650
1507 9028
3044 7313
850 1572
3860 12470
3758 14608
1565 6399
3098 13860
2078 11879
1762 3144
3783 3233
2857 5048
225 2278
2121 10190
382 2910
3571 12921
2397 1268
2759 6683
1236 13175
1963 12608
3511 14228
3287 1088
3200 12819
3459 12346
399 4968
1212 13170
2626 11148
2448 9107
2624 8448
332 12874
148 5343
2041 1896
1262 11747
548 390
449 11908
1858 10842
1290 5228
3871 7127
2549 1993
2639 5298
3566 11507
2032 1344
49 9031
1417 9290
3010 11294
945 3605
3552 10144
3916 14128
1675 1308
3298 10751
2039 11591
1545 11354
1985 3950
11 4708
3186 9645
1955 9097
1381 3363
3031 2486
1935 13740
21 12645
2606 13029
612 12640
3909 6983
1673 11050
1931 14636
3695 3347
1244 13804
1942 13674
2287 7666
2141 5954
3547 862
372 14166
2799 10380
1185 14333
3451 3922
2688 11016
2657 3725
3437 2520
2139 13093
2728 4902
1331 5642
1382 12367
1463 4359
315 14132
3023 1908
1034 12325
1961 12868
468 206
125 7454
1202 3767
2417 11211
3037 10957
3381 1933
3236 8936
1357 11272
3786 13348
3482 11325
3182 6351
882 13179
3265 13277
3881 10076
3189 5339
790 10877
3721 3179
799 4813
1752 2337
868 10510
2410 1431
2598 4556
2348 5411
626 11523
2001 9219
1923 3417
1940 4614
1846 13580
338 2285
543 13429
319 5686
312 14476
1353 2362
3183 13995
2174 9895
1889 7409
2787 11392
3173 4515
2781 9817
1111 1576
2652 13629
803 12374
3606 13499
1623 10022
1519 7470
3556 3962
359 6056
1797 11142
707 6882
2083 8511
1721 13694
1439 1855
3434 681
1257 165
510 509
2943 6078
702 12925
3225 7275
3311 8269
361 14566
1804 4745
605 11343
565 5637
1814 13203
2903 6149
152 11119
2428 2762
3526 10738
1810 12032
1265 11226
3373 7946
3697 7630
2465 6090
3899 3753
2638 7472
3028 479
3888 11382
2431 11433
3723 174
3825 1872
1958 4570
1024 1177
322 13041
158 13131
330 3882
3105 1032
3387 10429
2024 10756
3015 5154
3937 11193
3007 14452
3128 2903
3519 9903
466 4946
1792 14378
2966 3787
257 4205
2915 2686
952 6203
3852 9628
2701 13534
3939 14443
993 9176
3022 203
1372 10305
3900 10251
2866 2731
992 4723
1360 2832
1753 5362
143 14048
2219 6465
1273 4836
2211 6818
2994 1491
2939 12750
354 4869
1498 6377
2458 1884
3484 10356
2534 12050
2573 12332
638 8055
2970 6913
1377 3178
3517 1836
1489 6028
1972 3663
925 8450
653 2625
2282 6069
1490 12552
2524 8981
358 11074
2720 9178
237 2535
1288 9568
2936 9120
2358 2705
1028 5597
764 89
1356 2451
901 13665
2546 13621
2532 5850
1201 6255
1666 1617
88 9529
120 9959
578 10525
1913 3110
101 9621
365 11157
1186 10963
3343 1359
3620 5096
3920 3815
457 1522
2820 5074
2661 8037
792 13002
192 11008
1546 9856
3942 6732
205 1821
559 11944
749 7564
2888 12736
1049 10309
1219 5285
1660 5888
3018 11935
2240 2616
1671 6371
2387 12913
3062 1322
434 3895
928 14544
84 116
3649 2106
1982 10293
2692 8726
255 4892
3194 4736
3176 12215
3412 12399
3731 550
405 1155
2405 12389
373 4437
606 2943
1616 7024
2430 7312
3768 8777
2612 5515
3535 8670
2015 788
1341 9987
2951 5042
1286 3256
2302 10142
3838 3380
2034 6813
329 691
801 3587
1104 1795
698 3373
554 1733
1685 9329
3486 5410
3685 8790
2265 11081
286 9131
2023 3571
3318 10184
1006 5633
596 14598
2597 7388
104 8893
3467 12851
2846 11955
294 5707
1925 3159
1022 4220
2724 11880
3923 12616
3497 6414
1556 10300
2814 11147
695 5930
558 9810
179 10371
3247 11573
1632 7415
233 422
2858 12812
473 5678
1015 13064
1966 14367
2996 2839
1090 3864
823 10423
2816 4797
3520 7690
1343 9173
335 13369
1936 437
1453 2267
3702 1677
2719 10052
57 11864
3166 8315
2974 2944
1589 4783
2077 12197
422 1914
3394 14558
3201 9085
1488 6766
2068 879
833 11894
1397 10543
2984 8065
3595 13257
3509 4254
1220 4952
2002 6706
2438 1307
1957 11243
1031 12311
782 2867
3291 10055
2620 13073
516 6226
1337 3436
113 6787
311 2547
2690 3594
376 9180
2130 2557
1879 13537
1674 9859
350 9907
3927 2119
3505 11593
1370 1121
1865 5654
16 8503
1393 11836
2232 645
671 1415
504 8441
2256 7578
3765 2750
2371 9268
3067 2594
687 2857
2451 8876
1077 10564
2702 11528
1475 9201
2171 5111
2641 8913
2067 14590
2707 7293
1361 12839
1000 1313
2461 3827
746 10369
409 4081
488 496
1053 13169
3371 14413
1870 2317
92 5120
1829 5655
2752 13321
1301 6319
1688 3311
3174 10207
2668 11042
1850 2389
2717 1543
2069 11779
3610 733
1046 8668
2681 6533
3706 5603
1238 931
2377 3122
2491 8024
3138 4552
2280 4481
1374 3021
2383 2795
1779 11751
2913 6582
3709 10050
3268 5905
929 5107
60 6300
3487 12501
2186 10699
433 3730
2872 2550
923 4401
3617 9534
595 6427
1539 13716
629 3068
736 12571
3219 13671
1884 5205
288 4768
1711 12651
2020 12216
1822 2098
3708 11989
1112 7635
2691 13575
2772 11510
2956 8715
2623 7085
1309 5923
265 14647
2826 5460
1599 10003
1268 4435
3948 10264
3249 12155
2369 4007
1727 3805
1841 8150
2767 5283
939 1678
2615 4087
908 11975
394 8173
2342 13299
2180 1544
3284 12256
838 2002
445 13228
29 5614
3258 639
3806 12615
2542 1083
2456 7236
1026 6653
3428 11882
1652 11950
2184 12409
716 987
527 11194
2368 5379
2199 3554
2147 13332
274 6349
3319 8083
1605 9851
3516 6716
2270 8399
3190 11584
3628 10647
1430 6915
2454 6469
1758 6749
1827 14390
2596 1988
41 1633
2766 2961
3221 2126
3184 9751
2437 14241
147 13418
3751 6146
2562 5320
1412 8382
194 5166
1427 12120
227 7588
2452 8131
3149 10519
1366 12257
1246 3253
2189 13532
3809 8695
3180 1173
2479 1611
835 13097
1579 10960
3718 5212
458 379
3301 12691
2334 5130
1339 2861
2678 11868
887 7549
714 10949
1984 6115
3605 11668
1313 7855
199 1117
1882 5192
1080 9
1379 14649
1002 9153
1941 1656
647 2075
3402 845
95 6603
2321 14441
1192 12751
2761 12959
1086 10363
3053 13505
3255 8731
3432 3096
1760 10628
3393 13749
3673 11617
324 11247
3403 8848
2414 1560
932 12573
454 5348
667 13772
1334 1309
3710 1597
3328 7374
2962 12023
432 12747
3409 10258
1843 1208
3119 13469
2991 3246
2884 12983
448 6287
3741 12988
1227 6903
2449 14175
3052 14192
81 9977
2729 8098
1836 3297
2099 4545
615 4644
2796 4997
3498 708
3890 12040
2056 12350
3224 11031
924 2730
2803 8600
1437 6095
427 13497
3326 3752
3730 1608
1428 7566
496 7661
189 9125
1501 8728
3196 8048
2104 6514
2502 13946
2112 12711
1764 11024
1324 13867
3644 1885
3355 9404
593 8383
3307 10680
650 3343
824 4184
2026 11347
3117 5138
2793 4717
3915 6923
2751 520
2163 5008
1234 4967
306 7879
637 8734
317 2574
1690 7335
3153 3434
2033 2663
1508 7805
2060 12033
3103 13798
2114 705
1944 9083
2531 11221
2215 12448
3766 10560
3413 4888
1253 12723
501 1930
12 12726
351 5578
2482 11881
3238 5325
230 2712
3083 7993
1584 13009
23 7283
1891 3009
1363 1180
2745 1490
159 9715
2247 12339
1471 1627
3950 2448
3165 8908
3804 5476
1969 410
1927 207
2327 9416
1562 11030
15 9999
3653 11463
1887 9030
89 14116
416 11723
1174 3442
68 13581
3792 7670
1730 12291
2103 40
3801 14123
1330 10153
3333 3970
3698 8517
1036 13061
135 3061
2919 7274
755 5381
282 4404
1949 9942
747 12371
2459 9029
2989 6791
3604 10854
1222 407
3500 3837
50 10617
2627 1600
3717 8871
733 204
138 11103
2293 11784
1504 9006
36 8096
2988 14097
1043 14249
2045 6880
3894 12408
2168 5974
1094 8962
2439 1699
3390 3353
1335 14482
368 8921
1910 10387
2572 13082
243 5017
1574 12065
2955 135
3893 5461
3043 7876
1193 2348
2530 7440
2981 4434
544 10112
588 3032
1651 11688
861 4842
44 10436
2059 10163
3081 3836
2948 10763
2737 3261
1213 7041
2106 1549
1703 9498
2132 2042
402 1081
425 3631
1071 6687
357 6886
1654 12380
1250 87
218 13807
2527 8014
2338 1826
2864 11446
3625 8198
1160 9179
1689 11025
2129 3584
2046 3130
2398 4599
663 97
26 9335
778 11404
1447 8368
2798 2548
3450 4631
1617 5159
982 13461
2116 6831
704 16
453 4411
377 10506
921 10240
1454 11045
116 11270
980 7841
3197 6613
45 10801
2723 253
862 7950
2829 358
381 13972
3391 4718
3155 954
3661 6174
276 6006
3712 3356
443 9893
2066 6014
2237 6303
2389 4859
3618 14694
1597 881
2401 10589
474 5407
3743 1606
513 7521
1493 6559
3337 14578
3362 14046
1659 254
2644 1463
2340 2966
1987 9407
2865 1935
1069 2380
491 6274
1170 2921
268 3005
1344 6137
1083 1323
515 2011
679 13625
3141 4883
178 7808
3404 8722
1707 8514
3420 13114
2699 8270
2594 4177
600 12055
2930 5892
3016 11907
3179 579
2738 5849
2183 13765
537 12299
2749 4502
2876 4452
3392 13512
1044 8484
2703 11661
3035 7533
2844 152
1856 8573
3256 6355
969 2328
3093 10058
2330 8117
1628 7810
1050 9386
2193 12415
948 3030
1538 10266
1878 2014
1859 7239
1388 4646
2109 1284
105 2105
2088 585
2457 7558
1885 4022
2875 10771
42 5170
2497 3802
166 9143
1781 14485
1920 4354
70 13582
540 2915
592 10704
485 6754
2730 10272
3696 3551
2941 5076
1434 10594
1483 12044
2194 12434
994 4115
3536 11934
1027 7214
1203 13025
1485 13251
1168 3058
3401 134
2110 150
3789 2277
1425 11776
78 13985
176 4073
72 11306
462 12295
2120 2001
1868 13626
2568 7264
3124 8830
1993 14530
1062 11919
1056 1405
2415 6833
2871 4387
1839 2552
298 3823
3779 656
3565 6523
1520 9188
99 1134
2425 8040
728 6804
1041 13446
1282 12678
3405 2645
1661 13892
1980 4292
331 9873
131 4257
765 9190
215 10301
1542 4176
2565 11526
3293 6776
1326 3487
894 6070
2408 1472
1864 820
934 5653
14 7242
3367 4961
2818 8060
3323 8858
896 10406
2890 11681
709 6549
904 7976
3534 8502
3011 4686
2471 95
1541 802
1976 10090
1332 3318
3581 8779
2828 5909
940 9274
3439 11258
2750 6192
949 13586
878 12958
3133 13651
3788 12406
766 11918
1561 7999
2775 1085
3883 14572
2918 14674
760 11365
2881 946
680 8430
2423 13462
2380 13209
2376 8011
2854 4667
392 4337
2467 2160
3633 4059
1911 10268
3099 5129
1577 865
839 12381
2874 14606
3358 5681
2929 5664
3551 427
2248 13729
2328 4654
3756 8705
3040 11426
3913 885
1187 4548
3175 5485
2055 4414
3754 6588
2345 11052
1981 10975
3339 779
809 9965
1328 5367
2203 4670
1667 2522
2255 10876
1729 14201
3857 2950
3814 4963
3826 5906
3732 3880
2743 5532
1263 371
2289 4346
1482 7612
2768 14652
568 7745
1021 1136
2926 11965
3132 2401
2216 10716
3006 2099
1681 1478
616 13428
4 13328
251 2423
248 6063
3504 7452
3455 6039
522 13112
171 10969
2433 1092
2520 4136
2811 13412
634 9508
2629 6812
2108 13910
1677 11536
3208 11094
1876 8552
2850 12464
1141 12787
3587 4937
1992 9641
310 10399
3263 11933
1038 14084
1518 1552
2305 4774
990 10378
1033 9852
3148 9355
1169 3003
3690 7891
1588 4817
645 10450
2693 1291
1299 12939
126 9560
2764 4183
2445 14125
2660 4412
3828 11331
463 6400
3573 10993
1717 13890
3579 4626
2977 8744
2791 7376
520 1918
1644 8147
295 1848
3918 1332
121 9778
610 12260
2316 4233
174 3054
2967 5492
3019 2323
2704 13789
697 4669
2257 10905
2935 2627
1215 12322
2581 13963
1084 4612
5 4871
2128 12845
1120 7107
1440 11000
2600 14493
2049 12956
567 3115
1114 13063
3108 3735
2421 4336
781 5474
231 9922
1765 8589
2178 8918
1619 14601
1610 8919
2859 7463
3322 7325
1947 13602
2659 1546
2072 449
379 701
2983 8483
3125 9860
201 10909
1100 4504
1999 13891
3575 9177
3229 3196
2295 13565
183 2914
3204 7631
1724 10655
3841 8901
3397 1114
3079 1408
3295 14095
1280 10819
1676 7594
2526 5143
521 8520
1495 2610
3363 2836
2354 11093
1835 10326
3839 7568
3594 4693
3662 9316
660 651
2048 10933
1166 13983
659 2592
2111 12222
337 3732
167 11407
3506 12889
2166 4925
3195 9132
190 7078
1977 7410
1394 2452
1636 1190
185 6045
2567 6198
213 8200
455 4001
206 7538
2511 14111
1551 3012
2006 11575
3767 6324
2118 4810
3344 7500
938 9644
518 12357
3114 9171
3368 7193
545 4595
3862 3766
503 3313
259 11810
356 13336
1595 2360
1663 7086
3561 2671
708 1813
2411 4127
3476 2998
603 14562
173 9513
3545 12485
1276 1179
2025 12814
3940 11355
100 7268
840 13421
841 10871
1951 10368
2712 12742
2441 873
355 12548
3681 13361
2475 54
2833 8384
1767 4800
2976 10158
2107 919
2805 6408
3601 6988
531 11671
2138 9130
2648 7922
2650 3492
2343 11309
991 5942
1591 8043
1641 8085
2137 10358
1179 3964
1008 8440
2226 2657
102 14264
2517 6561
2900 9429
2894 4855
66 11818
1296 592
1988 5934
1770 11792
2887 11774
785 5945
300 10438
2942 12714
1480 1780
270 356
1930 2515
420 6741
933 13143
1820 7843
3048 7827
3163 2424
3597 8884
1323 1797
3663 4053
2504 14618
2507 3980
3030 13781
2276 10116
1901 2979
3912 7969
435 7025
1809 9609
1177 11568
3146 2047
635 10060
2322 3506
3926 13835
2447 11069
3548 1165
1325 10545
191 9749
3824 1579
3692 11020
2142 10361
3202 5148
743 3270
3910 9450
378 3329
3087 14633
172 12402
1494 8742
3246 8838
2847 14358
2762 3896
2279 513
1329 13854
2275 2325
829 12240
1321 12623
2179 6767
742 9073
3131 1622
3324 5134
3264 5178
256 47
3530 13411
2373 6846
273 3461
3270 2429
2649 5497
3137 7350
1103 6943
2808 1726
1653 5644
996 7681
1261 2056
830 4899
1390 13595
3426 2788
3033 14278
1210 11889
851 492
999 2919
246 5253
1679 9687
1990 3407
1441 1985
3572 3984
627 5349
3524 1889
2836 8360
1230 10086
2806 11843
867 3332
3159 1028
1067 12782
2611 763
2300 12965
2318 5065
2893 10014
408 1312
1148 12986
3936 7542
94 9000
1895 5574
3431 1290
3477 14204
3436 7618
1833 11505
2426 14002
1631 13086
3453 8878
1702 13701
2212 3424
484 13081
583 5731
3060 3705
1030 3924
1076 10132
2628 2191
2774 654
2317 3957
2384 13141
577 7806
111 10215
2605 2748
1061 8194
3785 2967
110 6141
3647 765
3495 12888
1007 10868
1081 12111
3932 10682
538 2377
3145 12369
804 4265
1231 8679
2589 11359
415 7028
17 13481
954 12629
1082 11513
2101 3718
3315 10532
1608 181
3564 399
1655 7864
3361 6909
3156 8535
2683 3074
2726 11413
1526 5
18 12977
2228 6430
3777 9217
1151 3117
1164 11110
1431 411
3406 5991
3567 5673
1248 5995
2187 10285
3286 7040
1732 13259
1844 3838
2579 12227
2537 2469
3774 9422
802 9054
238 252
1183 14300
1522 869
2566 9340
2543 7307
2882 2817
1511 4041
1037 11398
1336 5437
2586 12652
3494 13588
3499 6739
1917 8638
3747 2294
63 3010
1555 7203
3490 1917
3223 6148
2284 2181
2356 1013
2304 4752
2264 8331
224 5972
209 13846
3017 4766
2794 13759
1052 91
1647 4375
3365 13106
2435 10131
1009 6083
2975 1087
2515 5985
2590 12378
983 11841
1060 11478
3374 970
546 10571
271 947
366 3158
1314 2578
3399 13513
2042 12264
301 6097
153 355
3656 8478
1503 5950
423 101
1771 5423
3294 12867
2013 7718
666 8800
3794 4046
1198 10295
2364 8114
108 9794
3340 5615
2133 5999
968 1861
811860 13191
2100 2524
1602 5278
985 13311
2902 2210
2117 7536
245 4487
3464 8187
2362 6686
3489 7613
1593 13371
3213 6847
814 8599
1776 11534
1894 13503
2281 4197
3430 3177
1457 2335
93 419
604 14182
3760 11814
2618 2460
1759 13052
2271 7364
410 8662
2529 9043
1544 6139
65 7554
3686 10813
2432 14170
114 10374
1686 4308
2412 2569
3135 6133
3683 8920
2921 4199
2987 2446
2197 3580
787 12338
1092 11366
1017 7828
3728 1586
3719 2503
229 11411
636 13884
2012 7118
1983 10524
547 14036
2409 9974
303 10689
347 7972
2555 13570
3819 14003
2018 3691
161 7013
563 4067
3446 11075
212 5754
290 4178
3684 3508
3072 12840
2697 8130
2643 6671
1687 3132
1223 3723
2937 6428
875 13303
718 3404
2065 11923
3032 14092
1777 6599
2164 4024
1899 12842
2222 14658
870 11789
3716 9212
585 13183
2861 6101
3705 13120
1695 2693
1340 14396
2698 8896
3203 2242
3106 8479
1275 4154
3863 9611
2446 13776
2757 12385
3951 195
2062 1999
910 11903
2047 7982
2292 10319
691 6494
3853 7848
2852 12533
2564 5886
390 6572
3113 3776
1903 1214
1291 5657
490 1466
489 14587
2115 4156
2286 12288
2326 3982
1254 4297
2363 8558
3934 14315
2744 6341
325 3247
3624 4193
2399 7315
459 14120
3147 1120
3260 4633
30 14147
3660 1982
1718 6449
2337 10054
2824 4756
2506 2681
609 6678
1863 11554
236 5959
694 2769
813 2023
3384 4728
3715 13695
1845 3731
1302 4672
700 3248
957 1178
2959 6807
1259 12141
2372 12660
3823 6788
2235 13909
442 8970
348 13971
1773 5769
552 5271
2533 13196
1458 7742
1550 5236
3041 459
3928 892
2654 9584
3396 13048
3112 8323
2170 12537
2333 13442
2418 1387
1011 11514
2610 2243
2134 4760
631 335
628 7177
3332 8228
3151 180
1347 2225
244 928
27 10453
2353 4508
398 541
1040 9036
676 4334
2095 3020
1115 8699
3215 9421
2347 85
2945 9471
3619 3120
3846 1871
3222 9774
2252 3716
2416 7829
3090 12193
3836 6681
1582 14232
2097 10098
3508 8336
20 14429
3608 404
1937 8451
1270 6579
2278 933
3740 12245
519 4168
2148 12035
3408 13686
1297 2554
1456 2851
1348 11424
1784 14395
731 9880
3143 8542
117 5496
413 5156
1728 3411
3539 4538
1754 7862
1354 3357
175 5858
3341 2936
1780 7405
1523 2870
3771 7546
912 10992
165 2088
2993 7044
2895 160
234 14332
1915 6262
2645 772
3529 1621
2031 10416
3668 5784
3622 9728
492 2666
3169 10128
2809 3852
2308 12688
1410 5773
2616 2373
3636 8672
2763 10178
1552 119
1696 11673
343 14563
1327 2109
528 4406
3738 3697
2022 8127
3068 8001
2336 8397
1922 6225
2260 4207
3941 12729
1446 10271
3198 6821
2407 4530
3827 7292
2080 8148
3104 10421
621 5679
1465 10852
1543 5009
798 7110
1300 13487
2261 2309
186 12614
62 10315
3634 5982
1209 4495
2007 271
180 13291
2090 4462
1477 4196
1140 5586
1851 8379
2821 10231
318 14491
1126 1805
3395 13390
2964 8820
3829 2713
2370 2841
1693 6991
275 14230
2906 12421
2758 4707
3306 14435
211 2773
1097 4006
1484 4511
1680 9374
3120 5430
79 3940
3847 4055
805 1116
1872 14430
3541 12007
3701 9793
3525 11756
75 2201
3267 4940
971 4566
2021 12036
3488 14432
594 4189
1853 2396
665 8951
3757 10853
3058 5590
2804 3121
1678 14008
25 11019
1226 13786
3603 118
2440 10322
1119 12820
618 11217
1991 1824
479 878
1557 965
3161 1440
1860 5564
3366 9971
1842 14467
1713 14051
1322 13069
200 10991
657 3174
2073 395
2740 6360
1852 7240
3897 12097
207 5297
2510 9233
2124 13178
732 3187
1834 12022
52 13751
752 14052
2169 1455
2810 4787
942 1803
1204 8185
98 7176
1283 7970
472 3078
3097 2022
3917 14191
333 505
2335 11665
313 12476
587 1828
3045 1202
1791 7039
737 11111
1351 13691
3350 1256
2 9466
2283 4989
3424 7402
407 5806
3288 14062
393 5421
2642 10068
1524 3036
1131 12810
2580 4777
1612 2054
3858 7710
3157 2948
2599 9877
2695 11361
438 5337
412 13898
3635 9630
2613 8362
1433 4575
1682 5933
1748 13542
541 7582
2406 12011
3557 8188
3585 12512
2159 6372
597 11672
2269 7451
2753 1023
352 388
3248 11384
1733 14238
1468 6446
3444 187
2053 11229
249 7165
909 2822
1909 11561
3733 649
1153 5269
953 1044
2091 12893
936 7314
1135 5098
1055 14453
3336 11825
1422 6392
2351 13614
2263 5554
196 2995
2016 14134
1473 12133
2098 3028
2054 12985
2523 13289
3643 1270
1883 5620
202 8821
2419 13707
1956 11178
320 14288
2856 7371
3008 952
250 11767
3729 4363
2786 8664
3691 400
3925 1482
986 5557
169 752
3230 10930
2093 8210
2481 11445
542 5322
187 2890
1603 10735
3061 4290
440 13799
380 5144
2922 4478
1184 13057
777 2685
401 13092
3646 13293
1137 6367
247 5534
3160 7064
761 7
7 7940
3929 11276
2647 1938
2096 7195
2635 10117
2145 10045
3005 1983
419 5094
3873 2168
1240 14294
1926 7450
164 3237
955 7291
1157 2677
2176 11380
1395 8650
3544 6436
261 9531
2135 2212
1683 6768
2420 10328
2538 3104
1611 8078
2346 3312
1996 9800
834 2820
3091 7535
1012 5316
3848 1009
2477 4636
1303 12770
3807 8314
3921 2215
2553 10242
1459 7744
2298 7381
3178 12134
3507 5817
1342 13113
13 4188
1756 7401
3840 4882
2058 4179
2561 7895
327 10608
1470 1634
1974 14605
476 3617
931 242
2037 14586
3674 10590
1799 9337
3874 4286
668 14318
2390 13711
3510 6142
1567 5296
3682 14676
586 9604
3882 12059
1535 9739
263 3648
1971 13267
3593 13124
672 13558
3512 5302
2076 7145
2971 1582
2079 3441
3562 12992
3641 5539
2656 7601
1389 3400
3803 11726
1208 9792
3654 7709
984 10099
130 9360
818 8775
61 4318
2233 4645
3515 9989
1881 6906
3462 10218
2908 13989
139 12180
2462 14322
1806 9625
2938 4684
3672 625
3386 7284
2017 11562
2714 3516
1613 1376
2113 6598
1954 177
1245 5884
575 11015
1416 2752
2672 8890
3776 871
2488 2077
3813 7571
481 13826
260 6726
3050 4351
685 8931
2469 713
277 13967
1035 11238
1371 4093
810 9707
2932 7058
1346 11288
53 10507
3901 11452
1598 5420
1088 2586
926 4061
1788 5674
154 7097
891 3051
1310 7324
800 458
2912 14457
753 13519
1934 6419
2272 12577
3876 3620
2953 6637
3946 6900
701 1070
2779 12004
1897 10885
3849 10652
2694 8776
2341 8248
892 6970
3136 12410
115 13925
2907 10286
2525 2572
3419 8324
3330 3751
3152 12649
266 4028
2492 911
1142 10520
3714 10492
34 13785
39 6290
506 9574
895 11149
2352 12781
2862 1604
3919 3100
3042 3845
2905 10875
3784 568
3144 5766
3181 13142
1121 6126
900 13409
2732 5648
1487 728
849 12718
2667 3379
2313 9092
927 8168
898 9808
525 3288
242 12915
3279 6899
3669 2528
2010 9492
3589 62
3026 10277
2312 6506
141 319
2551 4020
2140 12587
879 9137
549 12019
144 8191
3025 10796
640 3770
1581 8422
2671 6990
2556 12650
1318 14568
3693 8538
3737 7121
2634 2322
1568 1571
3675 194
2870 12728
872 13180
711 1648
1590 13330
292 1098
3791 11551
2472 5966
730 8645
2084 5145
2244 5162
2191 9591
566 4887
869 5528
3514 12813
3164 13454
391 2640
2476 6065
2716 6271
2957 3052
3904 13525
3844 4789
2290 13501
3177 12435
574 14217
2422 12878
482 11612
2000 837
1857 1964
2498 3822
2253 6838
2904 4911
2310 14393
914 5085
888 4557
2500 4231
1862 9819
1358 3048
3492 7597
1413 12208
3612 61
1461 5235
3584 583
2385 3971
3 4013
1093 7790
1194 12647
1398 11981
2651 7012
3726 9046
509 12465
3233 3953
1125 7893
369 7515
2105 13100
137 8840
2513 13673
1928 13056
3944 11467
1375 7906
3782 14394
450 9622
2669 1470
1359 12620
2050 1429
2950 12276
692 1904
1816 1757
885 8630
1004 10746
2992 4854
2303 12148
279 2882
3309 2599
2393 31
2709 6861
889 8614
316 4998
2004 6483
3886 11283
1575 14684
497 14698
1670 12602
3065 10028
2344 14207
1420 14340
724 3533
2153 11163
107 12096
2496 4031
3889 5052
3878 608
346 7254
1386 803
1583 8678
3465 4503
1715 10294
1994 7407
1101 1700
1411 1192
188 1057
2718 8879
3150 5902
2453 4482
2949 7408
2404 10586
2920 9672
364 1107
633 4895
2807 7262
1580 13836
182 8732
3679 7294
1801 14627
2403 9376
3051 2114
3329 7491
2947 414
3658 6553
3385 12021
222 9583
661 8609
283 13085
1172 10625
3461 14281
1997 2876
3296 1771
2205 5768
3276 4155
3885 511
1902 10118
3126 9446
1812 9368
1426 299
935 7233
193 5566
281 4796
2087 430
3239 12041
3769 1149
580 11389
2242 12453
1604 9049
3297 10065
3210 8737
2201 9973
2735 10736
2715 12117
3793 8526
3688 6143
1419 8051
1888 3265
2464 1154
2036 4649
2149 3346
589 2202
569 7159
1274 2041
3586 4282
2516 3024
2161 2505
2005 7065
297 5142
3877 2081
3214 11430
2999 2703
119 9472
3570 11565
2392 141
873 10070
669 5782
69 13883
556 8050
289 792
3914 10666
1102 13192
2925 12905
3231 6103
299 9288
411 5444
3677 13685
1548 6912
2463 13129
1886 10330
3313 5385
2241 198
1293 5781
3689 13200
674 298
1906 14267
3687 1422
2522 6084
2254 7794
3778 13979
272 4402
511 10198
1968 10139
3775 11397
3820 10967
688 13263
1129 11476
480 11803
2664 11046
1502 2090
471 6079
2658 286
1875 7246
2646 11374
1200 11313
1278 11448
2916 11895
3282 8883
3748 13089
2670 12876
3810 5592
1057 189
1837 732
2378 2151
1625 11896
3379 3693
3272 9397
1128 8841
2782 13415
1432 9438
418 9740
3670 12489
2559 2561
2570 8579
2051 3071
2085 4921
2617 963
2126 1990
1242 1767
2434 1347
2350 10570
451 11748
1840 2501
2332 5610
788 11490
1921 6644
3875 561
1861 1400
2535 7682
3232 2260
1190 5202
3470 9982
2470 374
3753 6779
2917 7853
3599 12505
1407 6942
864 145
3211 7522
3193 4539
907 3773
1609 13425
2288 283
1601 769
1932 9461
3055 13567
2329 12403
2539 13728
3680 12530
1970 13098
3452 3745
1005 1062
3427 10259
1267 6396
2812 13726
307 202
2266 12005
784 14455
3598 3474
1013 3921
3388 14351
673 10080
1640 13815
1392 4361
550 3039
2788 6928
3463 6156
3907 11530
1635 1064
981 12454
808 2275
536 8937
664 34
2792 12859
852 7907
576 8068
1525 5572
3012 9978
1633 7267
1698 5979
54 12899
3483 3883
1919 2130
2229 8424
1132 2937
3580 2939
1831 3043
28 6444
2299 8580
3734 13404
1096 424
2089 12557
2125 3287
2429 1297
806 2512
2536 5571
495 10335
3590 14583
3310 12856
1624 658
2878 5651
2706 11220
2028 11086
1527 3514
367 12475
3364 8247
3609 7671
967 8296
2444 12166
3949 5623
2545 13723
2291 10092
3100 2601
3623 10743
3261 14620
342 11091
3895 2138
3442 8564
533 6862
1438 1042
3621 4520
1306 1943
3884 8717
943 3780
3851 11730
1656 11781
3302 11316
253 13460
696 2880
2075 1804
2375 12823
386 6191
235 6931
47 4876
3057 9234
1735 12881
1896 8736
3039 3817
1874 7985
1731 4488
3843 10095
3370 11891
2490 11842
3013 13401
2677 3325
76 377
447 6673
564 8488
2509 9330
1099 5394
1658 5727
1367 8447
3905 4202
2243 12684
308 11227
3591 7572
2262 2518
767 9572
1079 11682
836 5744
477 12712
3118 9501
3218 1228
2413 6866
3781 13916
3024 4204
1258 11362
3811 11520
3501 5584
2301 2048
87 8111
3861 12283
2800 6871
2071 2717
648 1021
2367 8049
2061 2161
3770 14328
2819 11597
2633 6563
1167 967
2838 12880
3632 6373
1130 13500
254 14118
2665 3781
417 12061
465 12970
151 8730
1620 13271
3251 11439
1855 1000
783 6306
2245 3300
1785 4423
1573 8758
478 11449
2177 5078
1515 6293
1587 4310
460 14167
987 6621
388 12989
1408 1375
2396 13331
428 5417
1423 4011
2204 13346
720 11381
155 1643
2558 11509
3549 10236
3352 1187
2863 9005
258 605
712 11991
2892 9639
3073 13432
35 13848
2540 8952
748 9209
3240 13011
3588 12929
3273 2184
1749 726
3443 345
555 14680
2040 8692
2960 6895
832 12773
2196 1019
3540 12973
163 5777
1486 9908
3559 7577
915 6836
505 12999
82 13335
1228 1976
1199 4753
55 5612
1621 5400
3879 14185
2771 6186
2190 14335
2927 12297
2064 7625
220 1394
2296 6781
2250 8516
3615 10501
38 4843
46 10732
1113 3324
2973 269
3930 12689
2855 12923
426 9156
656 10725
156 13295
1626 4764
3891 12433
3162 9563
2402 7839
1409 1226
998 12417
1385 8318
3802 3013
502 2318
796 12719
2234 6647
2963 8939
1224 3197
2680 8518
3327 9185
2868 14107
1694 6654
1380 1663
3259 11757
1045 8026
3433 4397
1376 6167
1047 9128
1065 1841
414 4299
150 12095
3187 12677
1821 4735
1916 10527
2092 10701
2896 12125
267 6232
