org_id remap_id freebase_id
1968 0 10139
1267 1 6396
457 2 1522
1791 4 7039
2368 5 5379
2706 7 11220
108 9 9794
1390 11 13595
483 12 3083
2927 15 12297
3045 16 1202
218 18 13807
1199 20 4753
831 21 7787
1128 22 8841
1286 24 3256
2896 26 12125
3046 27 7694
2596 29 1988
3008 32 952
2190 33 14335
1170 34 2921
256 36 47
1157 37 2677
1507 38 9028
1194 39 12647
2062 40 1999
833 41 11894
1115 45 8699
209 46 13846
2140 47 12587
927 48 8168
950 49 1122
3166 50 8315
3094 51 1651
280 52 7926
2458 53 1884
2097 54 10098
300 55 10438
1483 56 12044
1061 57 8194
653 58 2625
800 59 458
3026 61 10277
556 62 8050
277 63 13967
1379 64 14649
2203 67 4670
542 68 5322
3100 69 2601
1996 70 9800
2329 71 12403
402 72 1081
2076 73 7145
1479 74 4023
3225 75 7275
132 76 2519
3125 78 9860
2848 79 13710
1206 80 13821
110 82 6141
3129 83 5010
2883 85 13265
2163 86 5008
2272 87 12577
936 88 7314
3189 89 5339
1043 90 14249
508 91 7202
1729 92 14201
1382 93 12367
1339 94 2861
2308 97 12688
999 98 2919
575 99 11015
1428 100 7566
1897 101 10885
312 102 14476
1732 103 13259
3160 106 7064
3222 107 9774
627 108 5349
1966 109 14367
909 111 2822
3255 112 8731
897 114 12451
249 115 7165
2043 119 1820
33 120 2226
228 121 4841
487 122 1742
808 123 2275
1224 124 3197
1758 125 6749
1599 128 10003
2337 130 10054
2024 131 10756
2497 132 3802
2818 134 8060
2292 135 10319
953 137 1044
2907 138 10286
559 139 11944
75 140 2201
1484 141 4511
2426 142 14002
2139 143 13093
2178 144 8918
630 145 11402
2387 146 12913
2441 147 873
1647 148 4375
423 149 101
1777 150 6599
1341 152 9987
1292 153 7816
2978 154 14022
326 155 1488
942 156 1803
3199 157 4493
438 158 5337
2054 159 12985
2737 162 3261
2835 163 5434
1929 164 2946
2598 165 4556
2410 166 1431
2886 167 2178
992 168 4723
2169 169 1455
2333 170 13442
1981 171 10975
1616 172 7024
1689 173 11025
3157 174 2948
237 175 2535
1287 176 5229
870 177 11789
2466 179 9764
2635 180 10117
2993 181 7044
2376 184 8011
3015 185 5154
1846 186 13580
1257 187 165
3088 188 7073
737 189 11111
1126 190 1805
875 191 13303
586 192 9604
1695 193 2693
38 194 4843
261 196 9531
2810 198 4787
435 199 7025
1160 201 9179
113 202 6787
1882 203 5192
98 204 7176
1862 205 9819
1334 207 1309
1760 208 10628
372 209 14166
2953 210 6637
2974 212 2944
212 213 5754
2498 214 3822
151 215 8730
2884 216 12983
1081 218 12111
2669 219 1470
87 220 8111
1254 221 4297
2259 222 4164
3030 225 13781
50 226 10617
1978 227 6700
2533 228 13196
2058 231 4179
1399 232 8080
1169 233 3003
2724 234 11880
1453 236 2267
1857 237 1964
902 238 5364
55 239 5612
2004 240 6483
957 241 1178
344 242 5093
2137 243 10358
3072 244 12840
2735 245 10736
1468 247 6446
3022 248 203
2087 249 430
1940 253 4614
2432 254 14170
2297 255 918
2558 257 11509
238 258 252
1076 259 10132
1671 260 6371
1291 261 5657
2313 262 9092
1749 263 726
1143 266 6594
1923 267 3417
1674 268 9859
926 269 4061
680 271 8430
921 272 10240
2617 273 963
454 274 5348
2510 275 9233
114 276 10374
626 277 11523
2078 278 11879
1313 280 7855
1840 281 2501
868 283 10510
1631 284 13086
96 285 1569
824 286 4184
3151 287 180
1820 289 7843
126 291 9560
465 292 12970
1219 294 5285
2145 296 10045
661 297 8609
816 298 9940
2264 299 8331
69 300 13883
2287 301 7666
1089 303 6477
900 304 13409
1569 305 284
2718 306 8879
3074 307 12516
923 308 4401
2228 309 6430
1917 313 8638
1232 314 1294
1703 316 9498
461 317 4856
352 318 388
3079 319 1408
1361 320 12839
2009 321 8897
2029 322 5161
852 323 7907
2347 324 85
2689 325 8622
1513 326 7185
529 327 10246
2607 329 5133
1236 330 13175
213 331 8200
1501 332 8728
2847 333 14358
1439 335 1855
1055 337 14453
2769 338 7729
1294 339 11871
473 340 5678
2059 341 10163
365 342 11157
1953 343 14439
501 345 1930
1676 346 7594
2261 347 2309
2918 348 14674
531 349 11671
470 350 13779
2392 351 141
2167 352 6434
2738 354 5849
2107 356 919
191 358 9749
1015 359 13064
3105 361 1032
66 362 11818
2402 363 7839
3083 364 7993
36 366 8096
2688 367 11016
2477 368 4636
1685 369 9329
525 370 3288
311 371 2547
888 373 4557
1056 374 1405
1346 375 11288
2618 376 2460
225 377 2278
955 378 7291
1328 379 5367
1363 380 1180
838 382 2002
115 384 13925
759 385 8477
359 386 6056
2234 388 6647
2061 389 2161
81 391 9977
1603 393 10735
650 394 3343
2280 396 4481
2117 397 7536
2040 398 8692
2104 400 6514
998 401 12417
1327 402 2109
1295 403 8916
1193 404 2348
685 405 8931
381 406 13972
1679 407 9687
2464 408 1154
1947 409 13602
1010 411 13337
1350 412 11280
1094 413 8962
2766 414 2961
2229 415 8424
3198 417 6821
2143 418 6019
948 419 3030
996 420 7681
200 422 10991
1668 423 5443
1888 424 3265
898 425 9808
2946 426 14127
2514 427 12950
2196 428 1019
1994 429 7407
2600 430 14493
2951 432 5042
1707 433 8514
2092 434 10701
349 436 2367
805 437 1116
1499 438 6972
569 439 7159
2999 441 2703
433 442 3730
858 443 7212
2526 444 5143
166 445 9143
2634 446 2322
519 447 4168
147 448 13418
695 450 5930
2418 451 1387
2716 452 6271
2891 453 8233
3203 454 2242
2060 455 12033
882 456 13179
835 458 13097
103 459 5751
499 460 3342
861 461 4842
669 462 5782
500 463 7301
2996 464 2839
1568 466 1571
903 468 858
2031 469 10416
1909 471 11561
1894 472 13503
516 473 6226
1948 475 13594
2751 476 520
1275 477 4154
1488 479 6766
1278 481 11448
2232 483 645
3164 484 13454
2912 485 14457
1728 486 3411
2204 487 13346
1563 488 14683
2643 489 6671
3090 490 12193
3055 491 13567
518 492 12357
514 493 4486
2826 494 5460
1727 496 3805
1658 497 5727
937 498 115
2414 499 1560
1523 500 2870
1494 501 8742
527 502 11194
2968 504 1981
891 505 3051
2136 506 14077
753 508 13519
1303 509 12770
3050 510 4351
1416 512 2752
3204 513 7631
1782 515 11604
1515 516 6293
346 517 7254
749 518 7564
2254 520 7794
3017 521 4766
2461 524 3827
747 525 12371
2226 527 2657
2908 529 13989
1651 530 11688
1527 531 3514
235 532 6931
2467 534 2160
918 535 14531
1931 536 14636
2186 537 10699
1967 539 435
2916 540 11895
3236 542 8936
1189 543 9187
1068 544 6530
1835 547 10326
3230 549 10930
324 550 11247
1605 551 9851
3181 552 13142
990 553 10378
15 554 9999
3060 555 3705
2311 556 10102
767 557 9572
1525 558 5572
1574 559 12065
2674 560 3573
2276 561 10116
1434 562 10594
341 563 3040
2629 564 6812
12 565 12726
2920 566 9672
53 567 10507
1977 568 7410
1595 569 2360
1694 570 6654
761 571 7
1217 572 1895
985 573 13311
392 574 4337
2462 575 14322
521 576 8520
1183 577 14300
2545 578 13723
2227 579 13546
1502 581 2090
1040 582 9036
1311 583 14054
2 584 9466
1926 585 7450
1598 586 5420
63 587 3010
2319 589 4992
696 590 2880
2824 591 4756
2153 592 11163
2352 593 12781
1016 594 11801
764 595 89
2142 596 10361
2653 597 2311
1587 599 4310
2873 600 10656
418 601 9740
3175 602 5485
196 603 2995
2353 604 4508
587 605 1828
380 606 5144
2028 607 11086
2691 608 13575
2367 609 8049
543 610 13429
1654 611 12380
409 612 4081
2305 613 4774
172 614 12402
2420 615 10328
2428 617 2762
2714 618 3516
1739 619 10032
1742 622 295
2690 623 3594
3 624 4013
1317 625 3810
2559 626 2561
2470 628 374
1142 629 10520
401 630 13092
3029 631 11549
901 632 13665
2205 633 5768
1548 634 6912
3006 636 2099
272 637 4402
1398 638 11981
1575 640 14684
1718 641 6449
2039 642 11591
3193 643 4539
1915 644 6262
1972 645 3663
215 646 10301
1264 647 11281
4 648 13328
1772 651 5538
90 652 5024
2641 653 8913
2732 654 5648
2570 655 8579
2445 656 14125
760 657 11365
255 659 4892
2491 660 8024
1792 661 14378
2955 664 135
830 665 4899
2389 666 4859
2358 667 2705
3111 668 9735
434 669 3895
415 670 7028
246 672 5253
3033 673 14278
1301 674 6319
1973 675 677
2146 677 7461
1588 678 4817
3180 679 1173
2435 680 10131
1883 681 5620
1333 682 7482
2494 684 6151
3119 685 13469
2066 687 6014
2917 689 7853
2425 690 8040
1480 691 1780
1822 692 2098
2699 693 8270
2383 694 2795
546 695 10571
1240 697 14294
378 698 3329
2158 699 11254
229 700 11411
99 701 1134
2106 704 1549
3018 705 11935
1950 706 7887
2173 708 293
29 709 5614
148 710 5343
1585 712 5059
2646 713 11374
665 714 8951
2183 715 13765
1200 716 11313
2517 718 6561
2253 719 6838
1427 720 12120
2694 721 8776
1939 722 401
2858 725 12812
2416 726 7829
2082 727 10152
82 728 13335
988 730 5770
1132 731 2937
328 732 9121
823 736 10423
2436 737 11670
880 738 2907
692 739 1904
660 740 651
1633 741 7267
2336 742 8397
557 744 8606
1652 745 11950
1834 746 12022
2672 747 8890
944 748 9633
304 749 2254
676 750 4334
932 751 12573
1912 752 4332
3034 753 10724
1020 754 13084
2361 755 14010
2269 756 7451
2887 758 11774
1581 759 8422
2983 760 8483
1367 761 8447
1430 762 6915
3044 763 7313
1951 764 10368
2116 765 6831
697 766 4669
2715 767 12117
849 768 12718
2174 769 9895
1051 770 11744
2992 771 4854
239 772 10011
1849 773 9110
1447 774 8368
1625 776 11896
1518 777 1552
1921 778 6644
700 780 3248
204 781 12219
647 785 2075
2321 787 14441
1258 788 11362
3144 789 5766
2711 790 13553
1753 791 5362
2789 792 9706
1231 793 8679
533 794 6862
954 795 12629
3233 796 3953
2278 797 933
185 799 6045
120 800 9959
2628 801 2191
1024 802 1177
2938 804 4684
1268 805 4435
3162 806 9563
184 807 2140
2698 808 8896
2727 809 1379
1681 810 1478
2250 811 8516
2894 812 4855
1592 813 10549
1168 814 3058
178 815 7808
1896 816 8736
1377 817 3178
2453 818 4482
2412 819 2569
390 820 6572
2069 821 11779
316 822 4998
139 823 12180
633 825 4895
1205 826 10563
1993 830 14530
131 831 4257
1344 832 6137
1570 833 835
1153 835 5269
1680 836 9374
3240 837 13011
2409 838 9974
877 839 6096
1357 840 11272
2658 842 286
548 843 390
1071 844 6687
2588 845 13877
2532 846 5850
231 847 9922
2680 848 8518
656 849 10725
684 850 11754
1475 851 9201
2486 852 9222
2791 854 7376
1815 855 690
554 856 1733
2892 860 9639
2854 861 4667
1175 864 8389
2263 865 5554
2781 866 9817
408 867 1312
2774 868 654
784 869 14455
862 870 7950
361 871 14566
428 873 5417
2531 874 11221
2721 875 5675
47 876 4876
2520 877 4136
2298 878 7381
2021 879 12036
3190 880 11584
1908 882 13880
1261 883 2056
206 884 7538
1111 885 1576
2906 886 12421
2981 887 4434
1833 888 11505
1854 889 747
899 890 13584
317 892 2574
1519 893 7470
731 894 9880
405 895 1155
2571 896 1707
192 897 11008
1100 898 4504
814 899 8599
443 900 9893
3016 901 11907
667 902 13772
2529 903 9043
2449 904 14175
1528 906 12154
1932 907 9461
464 908 12121
3179 910 579
41 911 1633
3184 912 9751
1431 913 411
2889 914 6071
1535 915 9739
195 916 3350
2539 920 13728
2362 921 6686
1887 922 9030
2707 925 7293
1164 927 11110
488 929 496
3145 930 12369
1997 931 2876
1538 932 10266
167 934 11407
839 936 12381
1351 938 13691
2303 939 12148
1602 941 5278
1855 942 1000
621 943 5679
662 945 10282
2956 946 8715
165 947 2088
509 948 12465
2162 949 8316
288 950 4768
1735 951 12881
1960 952 9655
2762 953 3896
2701 955 13534
2152 957 8291
2236 958 9053
479 959 878
1872 960 14430
994 961 4115
1273 962 4836
1220 963 4952
1306 964 1943
1177 965 11568
730 966 8645
1185 967 14333
1032 968 2968
908 970 11975
2813 971 14273
137 972 8840
2903 973 6149
242 974 12915
664 975 34
1511 976 4041
2807 977 7262
2007 978 271
1746 979 7234
86 980 3415
3221 981 2126
2290 983 13501
448 984 6287
2567 985 6198
156 986 13295
263 989 3648
203 990 11070
260 991 6726
1070 993 4596
3062 994 1322
2241 995 198
1041 996 13446
2265 997 11081
1880 998 3687
1147 999 8983
1919 1002 2130
3112 1003 8323
2645 1005 772
179 1006 10371
1105 1007 4244
3069 1008 12458
3178 1009 12134
273 1010 3461
2579 1011 12227
2384 1012 13141
1836 1013 3297
1748 1014 13542
201 1016 10909
641 1017 9369
23 1019 7283
2787 1020 11392
175 1021 5858
1827 1023 14390
2779 1024 12004
2535 1025 7682
1893 1026 2742
2034 1027 6813
445 1028 13228
39 1029 6290
1248 1031 5995
2439 1033 1699
89 1036 14116
2451 1037 8876
1957 1038 11243
2963 1039 8939
1617 1040 5159
2755 1041 2629
1755 1042 11121
1799 1043 9337
935 1044 7233
3110 1045 9449
3097 1046 2022
1191 1047 875
2157 1048 8209
2704 1049 13789
1359 1050 12620
1942 1051 13674
1522 1052 869
1489 1053 6028
3182 1054 6351
750 1055 9671
1593 1056 13371
105 1057 2105
2770 1058 13540
308 1059 11227
1821 1062 4735
1644 1063 8147
1213 1064 7041
1064 1065 12491
2123 1066 7659
1902 1067 10118
1031 1068 12311
1701 1069 12827
2616 1070 2373
3173 1071 4515
636 1072 13884
1002 1073 9153
1995 1075 5608
1892 1076 10040
1410 1077 5773
2271 1079 7364
829 1080 12240
1608 1081 181
1101 1082 1700
2270 1083 8399
550 1084 3039
2936 1085 9120
2943 1087 6078
345 1088 11400
1650 1090 13459
1665 1091 9850
183 1093 2914
2080 1094 8148
3256 1096 6355
3210 1098 8737
691 1099 6494
2492 1101 911
278 1102 9858
1084 1103 4612
1733 1104 14238
1247 1105 14642
474 1106 5407
545 1108 4595
219 1109 11113
2216 1110 10716
498 1111 6535
566 1112 4887
1586 1114 13279
3186 1115 9645
2479 1116 1611
1509 1117 9664
1356 1118 2451
3159 1119 1028
2257 1120 10905
2771 1121 6186
2134 1122 4760
1215 1123 12322
2651 1124 7012
2468 1125 1254
2010 1129 9492
1413 1131 12208
659 1132 2592
547 1134 14036
422 1135 1914
8 1136 10171
3127 1137 3164
93 1138 419
2281 1140 4197
2342 1141 13299
1925 1142 3159
577 1143 7806
2794 1144 13759
2370 1145 2841
1353 1146 2362
1677 1148 11536
2581 1149 13963
971 1150 4566
2233 1151 4645
707 1152 6882
1713 1154 14051
2944 1155 531
668 1156 14318
485 1158 6754
910 1159 11903
1914 1160 5981
2349 1161 2814
2179 1162 6767
1018 1163 5414
879 1164 9137
2799 1166 10380
1437 1167 6095
274 1168 6349
1420 1169 14340
949 1170 13586
719 1171 5587
1300 1172 13487
1307 1173 8226
65 1174 7554
3107 1176 807
755 1177 5381
2101 1178 3718
1207 1180 4419
2547 1181 2635
2094 1182 11546
2633 1183 6563
1241 1185 10454
648 1186 1021
2991 1187 3246
2119 1189 7413
2474 1191 4120
2620 1192 13073
1432 1196 9438
645 1197 10450
1959 1199 12935
1280 1200 10819
2881 1201 946
2511 1202 14111
2013 1203 7718
688 1204 13263
2750 1205 6192
983 1206 11841
2064 1207 7625
2594 1208 4177
1197 1209 5815
2857 1210 5048
2837 1211 1068
3137 1212 7350
593 1213 8383
318 1214 14491
2659 1215 1546
1721 1216 13694
3124 1217 8830
3206 1218 7901
895 1219 11149
2053 1220 11229
1756 1221 7401
1222 1222 407
496 1223 7661
2255 1224 10876
2970 1225 6913
3195 1226 9132
2317 1227 3957
1927 1228 207
248 1229 6063
1274 1230 2041
2945 1231 9471
1095 1232 7131
353 1233 10887
387 1234 8992
1543 1235 5009
2455 1236 10097
2456 1237 7236
733 1239 204
1688 1240 3311
1906 1241 14267
931 1242 242
2125 1243 3287
45 1245 10801
3232 1246 2260
846 1247 4972
2795 1248 13094
2171 1249 5111
460 1250 14167
1952 1251 10932
2695 1253 11361
1411 1255 1192
1669 1256 2416
2550 1257 2153
1550 1258 5236
1477 1261 4196
510 1262 509
3068 1263 8001
2652 1264 13629
1965 1266 2517
2863 1268 9005
2098 1269 3028
2391 1270 3534
2962 1271 12023
1698 1273 5979
2463 1275 13129
1856 1276 8573
1704 1277 3080
786 1278 5334
450 1279 9622
2816 1280 4797
1035 1281 11238
782 1284 2867
2000 1285 837
853 1286 9634
1544 1288 6139
2002 1289 6706
72 1290 11306
639 1291 5007
2128 1292 12845
1731 1293 4488
1423 1294 4011
1017 1295 7828
2957 1296 3052
614 1297 11167
2350 1298 10570
987 1300 6621
1335 1301 14482
904 1302 7976
1330 1305 10153
2763 1306 10178
1754 1307 7862
506 1308 9574
1225 1309 9482
1497 1310 8905
1988 1311 5934
2144 1312 12648
3163 1313 2424
2961 1314 12656
590 1315 8232
1011 1316 11514
1426 1317 299
1686 1318 4308
1678 1319 14008
478 1321 11449
596 1322 14598
1441 1324 1985
379 1325 701
1269 1326 7037
2564 1327 5886
3253 1328 13738
451 1329 11748
170 1330 10551
1173 1332 4828
615 1333 4644
1611 1334 8078
244 1335 928
850 1336 1572
1776 1337 11534
2861 1338 6101
2536 1339 5571
563 1340 4067
1623 1341 10022
158 1342 13131
751 1346 8105
1004 1347 10746
1958 1349 4570
1282 1350 12678
2842 1352 13201
2149 1353 3346
1112 1354 7635
2075 1355 1804
2407 1356 4530
2465 1357 6090
2622 1358 1303
528 1359 4406
2400 1360 13345
1770 1361 11792
3167 1362 2993
1388 1363 4646
2121 1364 10190
2371 1365 9268
2338 1367 1826
2587 1368 9065
1850 1369 2389
270 1370 356
2676 1371 9192
171 1372 10969
2654 1373 9584
1504 1374 9006
1022 1376 4220
1167 1377 967
1705 1378 10908
1309 1379 5923
1597 1380 881
385 1381 10203
2862 1382 1604
2037 1383 14586
111 1385 10215
3246 1386 8838
1624 1387 658
1619 1388 14601
576 1389 8068
708 1392 1813
2901 1393 5040
2623 1397 7085
1471 1399 1627
2343 1400 11309
1246 1401 3253
638 1402 8055
1425 1403 11776
3003 1404 5004
2372 1405 12660
2726 1406 11413
1752 1407 2337
796 1408 12719
2489 1410 6451
1885 1411 4022
1781 1412 14485
294 1413 5707
3169 1415 10128
520 1419 1918
1378 1420 4729
2284 1421 2181
893 1422 13128
3168 1423 7019
2574 1424 767
1798 1425 3538
929 1426 5107
2663 1427 10345
1140 1429 5586
2047 1430 7982
2925 1431 12905
337 1432 3732
1930 1433 2515
2865 1434 1935
1666 1435 1617
1162 1436 8276
1711 1437 12651
2712 1438 12742
2612 1439 5515
1336 1440 5437
2393 1441 31
399 1443 4968
2115 1444 4156
2050 1445 1429
832 1446 12773
1627 1447 2618
2792 1448 12859
702 1449 12925
2488 1450 2077
2692 1451 8726
2448 1452 9107
3035 1453 7533
410 1454 8662
207 1455 5297
2819 1456 11597
785 1457 5945
40 1459 3050
1843 1460 1208
480 1461 11803
3061 1462 4290
2900 1463 9429
24 1464 5522
1811 1465 12455
2431 1466 11433
138 1467 11103
407 1468 5806
1860 1469 5564
2268 1470 1439
1675 1471 1308
1600 1473 4782
1495 1474 2610
1724 1475 10655
43 1476 13977
2408 1477 1472
1119 1478 12820
1870 1479 2317
2348 1480 5411
2017 1481 11562
1391 1482 6982
1974 1483 14605
3032 1484 14092
2369 1485 4007
486 1486 1346
1693 1487 6991
3215 1488 9421
1299 1489 12939
2743 1493 5532
2809 1494 3852
2042 1495 12264
182 1496 8732
1412 1497 8382
3066 1498 6799
806 1499 2512
938 1500 9644
190 1501 7078
3161 1502 1440
1389 1503 3400
2984 1504 8065
2800 1505 6871
1037 1507 11398
3252 1508 1947
482 1509 11612
1826 1510 5639
268 1512 3005
416 1513 11723
3130 1514 10473
2296 1516 6781
3141 1519 4883
2045 1520 6880
2548 1521 9690
16 1522 8503
1963 1523 12608
2804 1524 3121
979 1527 6489
2959 1528 6807
253 1529 13460
1047 1530 9128
1252 1531 7380
6 1532 12873
358 1533 11074
549 1534 12019
431 1535 10750
2786 1537 8664
2525 1538 2572
881 1539 14405
2421 1540 4336
943 1541 3780
2099 1542 4545
993 1543 9176
1083 1544 1323
1606 1545 3740
2640 1546 5445
254 1547 14118
1463 1548 4359
1935 1550 13740
343 1551 14563
1029 1552 2196
2380 1553 13209
354 1554 4869
2244 1555 5162
3005 1556 1983
174 1557 3054
2868 1558 14107
393 1559 5421
289 1560 792
1323 1561 1797
2921 1562 4199
2485 1563 7358
2011 1564 5011
2505 1565 5498
3257 1566 9673
1445 1567 6099
1784 1568 14395
1526 1569 5
940 1572 9274
258 1574 605
3037 1575 10957
35 1577 13848
599 1578 12590
2825 1579 1327
1806 1580 9625
2406 1582 12011
173 1583 9513
1354 1584 3357
2328 1585 4654
1293 1586 5781
155 1587 1643
382 1588 2910
1878 1589 2014
2188 1590 8347
2014 1591 13783
1659 1593 254
1284 1594 8782
3081 1595 3836
2105 1596 13100
585 1597 13183
2282 1598 6069
2413 1599 6866
3053 1600 13505
3149 1601 10519
2509 1602 9330
2180 1603 1544
967 1604 8296
2589 1605 11359
2438 1606 1307
186 1608 12614
2379 1609 3228
1104 1610 1795
2033 1611 2663
766 1612 11918
1596 1613 808
44 1614 10436
150 1616 12095
3058 1617 5590
342 1618 11091
2345 1619 11052
2846 1620 11955
48 1621 12034
2947 1622 414
637 1624 8734
3243 1625 12142
2273 1626 6794
1859 1627 7239
250 1628 11767
2878 1629 5651
2320 1630 2435
230 1631 2712
102 1632 14264
1868 1633 13626
144 1635 8191
78 1636 13985
1922 1637 6225
1899 1638 12842
1405 1640 1243
671 1642 1415
2552 1644 4261
338 1645 2285
329 1646 691
463 1647 6400
2110 1649 150
456 1650 12995
2385 1651 3971
2850 1652 12464
1374 1653 3021
2537 1654 2469
1461 1655 5235
2864 1656 11446
1472 1657 903
694 1659 2769
325 1660 3247
3063 1662 9391
3040 1663 11426
1003 1664 3226
1941 1665 1656
2725 1666 3034
802 1667 9054
95 1668 6603
515 1669 2011
2415 1670 6833
1901 1671 2979
503 1672 3313
1601 1673 769
1839 1674 2552
2976 1675 10158
2650 1676 3492
2808 1677 1726
3200 1678 12819
291 1679 7404
1235 1680 8714
1021 1681 1136
1934 1682 6419
2446 1683 13776
1085 1684 1159
310 1686 10399
1446 1688 10271
884 1689 2055
925 1690 8450
581 1691 13491
3197 1692 6613
259 1693 11810
2160 1694 759
1788 1695 5674
2147 1696 13332
865 1698 5087
3249 1699 12155
2973 1700 269
2248 1701 13729
2744 1702 6341
176 1703 4073
427 1704 13497
2095 1705 3020
631 1707 335
2988 1708 14097
885 1709 8630
1503 1711 5950
1370 1712 1121
2668 1713 11042
11 1714 4708
3087 1715 14633
3202 1716 5148
2573 1717 12332
779 1718 1605
351 1719 5578
934 1720 5653
367 1721 12475
616 1722 13428
3091 1723 7535
2950 1724 12276
1541 1725 802
1577 1726 865
2170 1728 12537
2874 1729 14606
539 1730 8215
1136 1731 10803
2401 1733 10589
3056 1734 1267
100 1735 7268
1879 1736 13537
1991 1737 1824
2859 1738 7463
3109 1739 9882
279 1740 2882
2423 1741 13462
2315 1742 5996
1643 1744 2690
1591 1745 8043
597 1746 11672
1092 1747 11366
2068 1748 879
2326 1749 3982
1876 1750 8552
3073 1751 13432
79 1752 3940
724 1753 3533
1244 1754 13804
801 1756 3587
657 1757 3174
1296 1758 592
1395 1759 8650
313 1760 12476
1238 1761 931
121 1762 9778
1438 1763 1042
3150 1764 5902
477 1765 12712
989 1766 4446
84 1768 116
2893 1769 10014
1343 1770 9173
1552 1771 119
3101 1772 6969
236 1773 5959
2378 1775 2151
3076 1776 4546
1636 1777 1190
2339 1778 12643
2444 1780 12166
2508 1781 8224
2527 1782 8014
2590 1783 12378
2189 1784 13532
2003 1785 13841
1918 1786 2104
1332 1789 3318
1210 1790 11889
452 1793 630
2057 1794 5150
1352 1796 1658
2323 1797 9096
742 1798 9073
2240 1799 2616
3183 1801 13995
2291 1802 10092
2627 1803 1600
432 1804 12747
1920 1805 4354
1565 1806 6399
1916 1807 10527
1322 1808 13069
1078 1809 10568
417 1810 12061
1496 1811 5163
2534 1812 12050
331 1813 9873
3115 1816 3662
3041 1817 459
2661 1818 8037
2855 1819 12923
2020 1820 12216
538 1821 2377
1174 1822 3442
2185 1823 3761
1026 1826 6653
1687 1827 3132
455 1828 4001
565 1829 5637
2283 1831 4989
2565 1833 11526
2768 1834 14652
449 1835 11908
281 1837 4796
2678 1838 11868
2193 1839 12415
2513 1841 13673
2914 1842 9310
2546 1843 13621
2840 1844 2821
1114 1845 13063
1408 1847 1375
2759 1848 6683
227 1849 7588
1030 1850 3924
706 1851 7497
1656 1852 11781
1057 1853 189
2610 1854 2243
2836 1855 8360
3176 1856 12215
2475 1858 54
2584 1859 12211
3213 1860 6847
3042 1862 3845
3103 1863 13798
104 1866 8893
1928 1867 13056
2555 1868 13570
2452 1869 8131
1190 1870 5202
2330 1871 8117
1723 1872 11745
2834 1873 4242
2490 1875 11842
60 1876 6300
1810 1877 12032
1345 1878 11941
240 1879 12496
3128 1880 2903
2697 1881 8130
3012 1882 9978
1793 1884 13297
2613 1885 8362
2989 1886 6791
1807 1887 2714
1196 1888 11966
2720 1889 9178
1066 1890 126
2966 1891 3787
1956 1892 11178
1979 1893 14695
2671 1894 6990
2433 1897 1092
2990 1898 14144
197 1900 1339
314 1901 9271
919 1902 10968
3001 1903 3284
1179 1904 3964
2682 1905 3659
3082 1906 11690
2001 1907 9219
2108 1908 13910
809 1909 9965
873 1910 10070
2332 1912 5610
2723 1913 253
54 1914 12899
1186 1915 10963
787 1916 12338
3147 1917 1120
2187 1918 10285
2351 1919 13614
1874 1920 7985
2522 1921 6084
1124 1922 9291
366 1923 3158
1151 1925 3117
1263 1926 371
2977 1927 8744
1129 1928 11476
748 1930 9209
592 1931 10704
2067 1932 14590
2540 1933 8952
70 1935 13582
205 1936 1821
356 1937 13336
1801 1938 14627
2222 1939 14658
2515 1940 5985
701 1941 1070
3229 1943 3196
153 1944 355
2424 1945 1108
1762 1946 3144
2079 1947 3441
1090 1948 3864
1797 1949 11142
580 1950 11389
1465 1951 10852
129 1952 9020
2928 1953 3530
2979 1954 191
524 1955 11598
798 1956 7110
1734 1957 3260
2702 1958 11528
3099 1959 5129
2154 1960 9304
896 1961 10406
2877 1962 8161
1579 1963 10960
2636 1964 10881
1302 1965 4672
3211 1966 7522
2084 1967 5145
2913 1968 6582
1141 1969 12787
2605 1971 2748
2904 1973 4911
364 1974 1107
513 1976 7521
2325 1977 2333
2304 1978 4752
2093 1979 8210
57 1980 11864
916 1981 3344
3244 1983 4005
1272 1985 5260
2831 1986 2886
1012 1987 5316
2541 1988 10460
2429 1990 1297
1181 1991 13682
1590 1992 13330
1381 1993 3363
1726 1994 13699
2929 1995 5664
481 1996 13826
442 1997 8970
1779 1998 11751
2056 1999 12350
2354 2003 11093
2788 2004 6928
2778 2005 6717
492 2006 2666
1459 2007 7744
2919 2008 7274
2331 2009 6978
2949 2010 7408
1816 2011 1757
32 2012 11618
2551 2013 4020
2012 2014 7118
2312 2015 6506
1889 2016 7409
2500 2017 4231
2118 2018 4810
1028 2019 5597
2288 2020 283
2403 2021 9376
1310 2023 7324
2262 2024 2518
22 2026 8632
27 2027 10453
3019 2028 2323
2327 2029 9416
271 2030 947
537 2031 12299
618 2032 11217
1342 2033 13113
720 2035 11381
2447 2036 11069
2987 2037 2446
3156 2038 8535
1230 2040 10086
2191 2042 9591
1609 2045 13425
1289 2047 239
2871 2048 4387
834 2049 2820
1397 2052 10543
2967 2053 5492
2803 2054 8600
765 2055 9190
3146 2056 2047
2827 2058 9727
2377 2059 3122
3259 2061 11757
2481 2062 11445
2065 2063 11923
1473 2064 12133
522 2065 13112
1188 2066 5384
2357 2067 4535
181 2068 11963
746 2069 10369
2038 2070 2255
376 2071 9180
5 2072 4871
199 2073 1117
2194 2075 12434
2459 2076 9029
822 2077 9753
3117 2078 5138
411 2080 5444
245 2081 4487
251 2082 2423
2553 2083 10242
426 2084 9156
1288 2085 9568
88 2086 9529
523 2087 598
606 2088 2943
373 2089 4437
2469 2090 713
1279 2091 3290
252 2092 10029
869 2093 5528
864 2094 145
1949 2095 9942
1911 2097 10268
3106 2098 8479
2817 2099 4742
222 2101 9583
92 2102 5120
1358 2103 3048
2294 2104 10195
497 2105 14698
68 2106 13581
3010 2107 11294
2181 2109 4369
1013 2111 3921
1867 2113 9885
981 2114 12454
1329 2115 13854
2132 2116 2042
1135 2117 5098
2583 2118 14631
1087 2122 11098
2070 2123 3443
2802 2124 12463
169 2126 752
3208 2127 11094
1500 2128 1581
462 2130 12295
628 2131 7177
2316 2132 4233
2006 2134 11575
355 2138 12548
3126 2139 9446
2940 2140 7438
101 2141 9621
889 2142 8614
1744 2144 6843
3239 2145 12041
602 2147 13003
1564 2149 10327
1212 2150 13170
1861 2151 1400
2875 2152 10771
2524 2153 8981
327 2154 10608
2566 2155 9340
484 2156 13081
1555 2158 7203
1910 2159 10387
1562 2161 11030
1844 2162 3838
436 2164 566
1458 2165 7742
444 2166 12575
149 2168 8494
2440 2170 10322
2521 2172 11739
2091 2173 12893
1036 2174 13061
1365 2175 10457
3177 2176 12435
2335 2177 11665
2395 2178 2139
419 2179 5094
2460 2180 12911
1584 2181 13009
1166 2182 13983
1449 2183 11614
2267 2185 1689
3224 2186 11031
2569 2187 2917
2150 2188 4821
2975 2189 1087
208 2190 5569
2749 2191 4502
2055 2192 4414
2230 2193 7945
1809 2194 9609
1661 2195 13892
307 2196 202
1765 2197 8589
74 2198 7336
163 2200 5777
14 2201 7242
2821 2203 10231
3153 2204 3434
282 2205 4404
290 2207 4178
2113 2208 6598
2363 2209 8558
2044 2210 10806
1673 2211 11050
2071 2212 2717
1033 2213 9852
2805 2214 6408
1340 2215 14396
3011 2216 4686
1054 2217 8245
851 2218 492
968 2219 1861
2543 2221 7307
3132 2223 2401
1271 2225 4276
2279 2227 513
1547 2228 3085
2427 2230 3364
2015 2231 788
2631 2232 12333
2366 2233 11712
193 2234 5566
2745 2235 1490
1524 2236 3036
736 2238 12571
810 2239 9707
982 2240 13461
2693 2241 1291
1682 2243 5933
2242 2244 12453
610 2245 12260
168 2246 12753
2245 2247 3300
1999 2249 13891
2219 2250 6465
3201 2251 9085
2775 2252 1085
2472 2253 5966
813 2254 2023
340 2255 650
161 2256 7013
2217 2258 10113
945 2259 3605
1103 2260 6943
1214 2261 900
1476 2262 4793
1657 2263 4996
1466 2264 2117
555 2265 14680
357 2267 6886
1961 2268 12868
2852 2270 12533
725 2271 12102
10 2272 1056
1086 2273 10363
907 2274 3773
295 2275 1848
1780 2276 7405
3247 2277 11573
3194 2278 4736
1120 2279 7107
1982 2280 10293
1485 2281 13251
1719 2282 1647
1380 2284 1663
718 2285 3404
2681 2286 6533
2381 2287 4170
164 2288 3237
2419 2290 13707
1265 2291 11226
2849 2293 12330
2023 2294 3571
2293 2295 11784
2260 2297 4207
1178 2298 2082
1006 2302 5633
2710 2304 4791
1221 2305 10437
2935 2306 2627
330 2307 3882
2895 2309 160
459 2310 14120
266 2311 4028
892 2312 6970
334 2313 8178
71 2314 7116
2482 2315 11881
2177 2316 5078
1672 2317 7609
1387 2318 12344
836 2319 5744
2243 2320 12684
335 2321 13369
180 2322 13291
3238 2323 5325
564 2324 8488
453 2325 4411
2941 2326 5076
928 2328 14544
1628 2329 7810
383 2330 6584
613 2331 8256
541 2332 7582
2793 2333 4717
2833 2334 8384
3020 2335 6789
276 2336 6006
679 2337 13625
3120 2339 5430
13 2340 4188
2542 2342 1083
49 2343 9031
2994 2345 1491
494 2346 12468
1884 2347 5205
1913 2350 3110
2390 2351 13711
1255 2352 3634
1386 2353 803
471 2354 6079
2554 2356 6560
2806 2357 11843
2851 2358 6233
1045 2359 8026
558 2360 9810
1832 2361 5031
1773 2362 5769
1520 2363 9188
1690 2364 7335
1005 2365 1062
2344 2366 14207
30 2367 14147
1998 2368 13472
2870 2369 12728
1366 2370 12257
828 2371 7372
2815 2372 1968
421 2373 13153
2088 2374 585
1715 2375 10294
160 2376 218
1852 2377 7240
1433 2378 4575
2235 2379 13909
716 2380 987
3133 2382 13651
997 2383 4524
1975 2384 10614
2289 2385 4346
1621 2386 5400
2666 2387 4190
3135 2388 6133
1372 2389 10305
468 2390 206
2373 2391 6846
986 2392 5557
119 2393 9472
130 2394 9360
1785 2395 4423
2109 2396 1284
2126 2398 1990
1498 2399 6377
710 2400 13243
1097 2403 4006
19 2404 6774
1829 2405 5655
1208 2406 9792
369 2408 7515
2757 2409 12385
1566 2410 1948
3007 2411 14452
1805 2412 13919
2713 2413 3316
2841 2414 4143
2670 2416 12876
1337 2417 3436
2487 2418 1112
517 2419 1118
333 2420 505
2773 2421 6734
135 2422 3061
2195 2423 880
2523 2424 13289
1460 2425 5913
1992 2426 9641
315 2427 14132
1989 2429 6984
2032 2430 1344
76 2431 377
3138 2432 4552
1404 2433 5301
2159 2434 6372
2201 2435 9973
2437 2436 14241
2597 2437 7388
1171 2441 7183
2364 2442 8114
3251 2443 11439
152 2444 11119
2396 2445 13331
2915 2446 2686
265 2447 14647
1324 2448 13867
118 2449 5738
3023 2450 1908
603 2451 14562
1172 2452 10625
1881 2454 6906
117 2455 5496
2687 2456 10393
1203 2457 13025
1824 2458 3821
878 2459 12958
257 2460 4205
1440 2462 11000
2394 2463 12037
1508 2464 7805
1245 2465 5884
1262 2466 11747
2679 2467 2646
2027 2468 3482
3174 2469 10207
375 2471 897
3131 2472 1622
842 2473 3764
2035 2474 4335
3187 2475 12677
1371 2476 4093
1052 2477 91
1455 2478 13991
64 2479 4121
3078 2480 11735
2022 2481 8127
2638 2482 7472
2572 2483 13082
505 2484 12999
1419 2485 8051
3038 2487 13889
1202 2488 3767
1863 2489 11554
1201 2490 6255
2729 2491 8098
3098 2493 13860
1987 2496 9407
3036 2499 1926
887 2500 7549
3114 2501 9171
122 2502 7786
2310 2503 14393
2898 2504 6851
2948 2505 10763
743 2507 3270
777 2508 2685
2155 2509 10170
3148 2510 9355
1204 2511 8185
2016 2512 14134
2798 2513 2548
1079 2514 11682
1060 2515 11478
841 2516 10871
2739 2517 4702
42 2518 5170
2997 2519 7066
143 2520 14048
1383 2521 11731
1023 2522 14088
429 2523 4104
1276 2524 1179
388 2525 12989
440 2526 13799
187 2527 2890
1007 2528 10868
1266 2529 9264
913 2530 12203
594 2531 4189
1702 2532 13701
420 2533 6741
698 2536 3373
2176 2538 11380
1984 2539 6115
1044 2540 8484
933 2541 13143
469 2542 2498
1646 2543 14525
2741 2544 9227
1812 2545 9368
3113 2546 3776
1290 2549 5228
804 2550 4265
3028 2551 479
2656 2552 7601
2340 2553 2966
1270 2554 6579
303 2556 10689
2111 2558 12222
490 2559 1466
952 2560 6203
2005 2561 7065
26 2562 9335
400 2563 5083
1482 2564 7612
752 2565 14052
2300 2566 12965
2890 2567 11681
2471 2568 95
224 2569 5972
1148 2570 12986
1069 2571 2380
2556 2573 12650
2667 2574 3379
1831 2577 3043
1764 2578 11024
2922 2579 4478
7 2580 7940
2036 2581 4649
2516 2582 3024
1283 2583 7970
1938 2584 9134
629 2585 3068
2182 2586 11353
3185 2587 8524
267 2588 6232
1983 2589 10524
2538 2590 3104
1227 2591 6903
567 2592 3115
3057 2593 9234
3014 2594 6397
2168 2595 5974
2052 2597 5780
1409 2598 1226
1629 2599 5509
2677 2602 3325
1580 2603 13836
2905 2604 10875
1256 2605 106
2212 2606 3424
188 2607 1057
2780 2608 13055
2430 2609 7312
2346 2610 3312
3104 2611 10421
1783 2613 3170
2820 2614 5074
394 2615 8173
1009 2616 6083
233 2617 422
3102 2618 12217
2580 2619 4777
2215 2620 12448
1954 2621 177
1937 2622 8451
2926 2624 11965
1529 2625 14027
1730 2626 12291
588 2627 3032
2642 2629 10068
872 2631 13180
2089 2632 12557
2624 2633 8448
20 2634 14429
673 2635 10080
2856 2637 7371
297 2638 5142
2639 2639 5298
1401 2640 9831
2199 2641 3554
2649 2643 5497
1747 2646 9654
1610 2647 8919
2866 2648 2731
94 2649 9000
1305 2650 3862
1582 2651 14232
2665 2652 3781
1259 2653 12141
1281 2655 13354
781 2656 5474
1464 2657 674
915 2658 6836
1442 2659 11532
3248 2661 11384
336 2662 12621
2761 2663 12959
930 2665 3750
604 2666 14182
2506 2667 2681
491 2670 6274
3067 2671 2594
1493 2673 6559
1376 2674 6167
177 2676 103
2960 2677 6895
241 2679 4263
2752 2680 13321
2077 2681 12197
3039 2682 3817
1457 2683 2335
1050 2684 9386
1314 2685 2578
867 2686 3332
2237 2687 6303
2709 2688 6861
125 2689 7454
2417 2690 11211
754 2691 5958
2025 2693 12814
1635 2694 1064
530 2695 14157
1769 2696 13147
2301 2697 2048
1392 2698 4361
2772 2700 11510
447 2702 6673
243 2703 5017
2586 2704 12652
1304 2706 6037
799 2707 4813
3051 2708 2114
704 2709 16
458 2710 379
1557 2711 965
920 2713 1915
980 2714 7841
818 2715 8775
493 2716 11268
162 2717 6029
2133 2719 5999
762 2720 6981
3136 2721 12410
2018 2722 3691
2728 2723 4902
1858 2724 10842
1223 2725 3723
489 2727 14587
25 2728 11019
386 2729 6191
848 2731 7928
536 2732 8937
1407 2733 6942
2703 2734 11661
412 2736 13898
612 2737 12640
2785 2738 6177
905 2739 4881
507 2741 9301
107 2742 12096
1027 2743 7214
1604 2744 9049
2238 2745 9553
788 2746 11490
2560 2747 2031
568 2748 7745
790 2749 10877
609 2750 6678
663 2751 97
840 2752 13421
1946 2753 4993
672 2755 13558
2129 2756 3584
1456 2757 2851
728 2758 6804
2530 2759 7440
2404 2760 10586
1895 2761 5574
1067 2762 12782
1554 2763 7547
803 2766 12374
2528 2767 14042
2782 2768 13415
1250 2769 87
3218 2770 1228
62 2771 10315
1025 2772 11533
552 2773 5271
2814 2776 11147
220 2777 1394
1955 2778 9097
2322 2779 3506
2083 2781 8511
194 2782 5166
640 2783 3770
1417 2785 9290
1648 2787 13569
1163 2791 9467
2211 2793 6818
2266 2794 12005
2457 2795 7558
2986 2796 9321
2252 2797 3716
674 2798 298
1696 2799 11673
1649 2800 12051
1034 2801 12325
1655 2803 7864
467 2804 6619
3052 2805 14192
2753 2806 1023
425 2807 3631
2985 2808 2869
306 2809 7879
2764 2810 4183
2051 2811 3071
837 2812 8289
1964 2813 11246
2411 2814 4127
466 2815 4946
2971 2816 1582
1842 2818 14467
1722 2820 4650
3048 2821 7827
61 2823 4318
583 2824 5731
1936 2825 437
939 2826 1678
1348 2828 11424
1573 2829 8758
301 2830 6097
2812 2831 13726
159 2832 9715
1414 2833 6328
1318 2834 14568
3031 2835 2486
18 2836 12977
1589 2837 4783
666 2838 8800
1046 2841 8668
535 2842 2146
1424 2843 1146
1645 2844 3046
1454 2846 11045
1904 2847 1403
52 2850 13751
2882 2851 2817
2599 2853 9877
31 2854 2358
1971 2855 13267
1130 2856 13500
2496 2857 4031
783 2858 6306
2740 2859 6360
711 2860 1648
2096 2861 7195
2122 2862 3160
2796 2863 4997
2249 2865 10209
2422 2867 12878
2434 2868 1347
1891 2869 3009
3118 2871 9501
1517 2872 4818
1192 2873 12751
495 2874 10335
914 2875 5085
396 2878 6877
2442 2880 10856
320 2881 14288
3219 2882 13671
414 2884 4299
2982 2885 4084
1234 2887 4967
502 2888 2318
2450 2889 12221
2114 2891 705
116 2892 11270
1093 2893 7790
2876 2894 4452
2085 2895 4921
1771 2896 5423
1660 2897 5888
729 2898 1840
511 2899 10198
1662 2901 10928
368 2902 8921
299 2905 9288
384 2906 8277
562 2907 11251
578 2910 10525
924 2911 2730
21 2912 12645
1759 2916 13052
154 2917 7097
1285 2918 8135
3021 2920 5808
544 2921 10112
2398 2922 4599
1355 2924 433
1099 2925 5394
3258 2926 639
1865 2927 5654
2247 2928 12339
2041 2929 1896
2626 2930 11148
3024 2931 4204
1817 2932 1115
234 2933 14332
146 2934 210
2081 2935 6188
1944 2936 9083
332 2937 12874
2359 2938 13047
141 2939 319
2562 2940 5320
2730 2941 10272
2049 2942 12956
792 2943 13002
446 2944 3626
1137 2945 6367
1864 2946 820
472 2947 3078
1490 2948 12552
2355 2949 10079
198 2950 6650
2502 2951 13946
298 2952 3823
1542 2954 4176
1422 2955 6392
2942 2956 12714
2286 2957 12288
2872 2958 2550
1986 2959 11863
1121 2960 6126
292 2961 1098
1626 2962 4764
1717 2963 13890
634 2964 9508
2090 2965 4462
286 2966 9131
1814 2967 13203
2341 2968 8248
1620 2969 13271
189 2970 9125
217 2972 3907
732 2973 3187
1049 2974 10309
2151 2975 4240
2758 2976 4707
2777 2977 10073
1639 2979 13304
2306 2980 7995
745 2982 5401
2644 2983 1463
2561 2985 7895
2141 2986 5954
3071 2987 9277
1845 2988 3731
1990 2992 3407
635 2993 10060
1767 2994 4800
1869 2996 1483
1347 2997 2225
1612 2998 2054
391 2999 2640
2501 3000 302
371 3001 5535
1393 3002 11836
1970 3003 13098
2767 3004 5283
309 3005 13485
2507 3007 3980
540 3008 2915
374 3009 9638
574 3010 14217
350 3011 9907
145 3013 6810
1546 3016 9856
2657 3017 3725
3196 3018 8048
2888 3019 12736
2314 3021 7155
1062 3022 11919
1903 3023 1214
202 3025 8821
1640 3026 13815
1053 3027 13169
611 3028 8201
1567 3030 5296
2334 3031 5130
1063 3033 7478
1360 3034 2832
1486 3035 9908
2454 3036 6469
1561 3037 7999
2275 3038 2325
2648 3039 7922
34 3040 13785
1516 3041 5638
2100 3042 2524
1985 3043 3950
1594 3044 8195
2130 3046 2557
2937 3047 6428
1080 3048 9
2939 3049 12750
3043 3050 7876
1583 3051 8678
2965 3052 29
2930 3053 5892
424 3054 7342
2164 3055 4024
1297 3056 2554
2964 3057 8820
1421 3059 6604
247 3062 5534
413 3063 5156
2120 3065 2001
1321 3066 12623
283 3067 13085
1102 3068 13192
1487 3070 728
504 3071 8441
969 3072 2328
1794 3073 2313
2086 3075 4665
3254 3076 9300
2166 3077 4925
1198 3078 10295
1551 3079 3012
2138 3080 9130
1667 3081 2522
2073 3082 395
3223 3083 6148
2844 3084 152
2734 3085 3109
2307 3086 7730
1042 3087 8369
1943 3088 5370
2256 3089 7578
2295 3090 13565
2662 3091 291
2954 3093 1074
1331 3094 5642
1253 3095 12723
600 3096 12055
734 3098 10263
3152 3100 12649
1804 3101 4745
709 3102 6549
1326 3103 3487
1096 3106 424
2765 3107 6239
2197 3110 3580
1670 3111 12602
3165 3112 8908
377 3113 10506
1851 3114 8379
2683 3115 3074
2302 3116 10142
2375 3117 12823
2838 3118 12880
815 3119 7015
894 3120 6070
3093 3121 10058
984 3122 10099
551 3123 3448
275 3124 14230
1683 3125 6768
2828 3126 5909
1091 3128 6246
2518 3130 1501
2135 3131 2212
3065 3132 10028
216 3133 14240
1632 3134 7415
1228 3135 1976
398 3136 541
1980 3137 4292
1539 3138 13716
712 3139 11991
2112 3140 12711
2660 3141 4412
2606 3143 13029
2048 3144 10933
2504 3146 14618
2615 3147 4087
2717 3150 1543
2161 3151 2505
2299 3152 8580
714 3153 10949
1556 3154 10300
1088 3155 2586
1077 3156 10564
2476 3157 6065
2443 3158 5759
1131 3159 12810
1000 3160 1313
3108 3161 3735
778 3162 11404
2103 3163 40
46 3164 10732
912 3165 10992
595 3166 6427
2829 3167 358
1375 3168 7906
296 3169 7638
211 3170 2773
2647 3171 1938
319 3172 5686
3025 3173 10796
2397 3174 1268
1187 3175 4548
605 3176 11343
348 3177 13971
1613 3178 1376
1886 3179 10330
1325 3180 10545
1969 3182 410
2184 3183 12409
3214 3184 11430
2811 3186 13412
2405 3187 12389
1373 3188 10469
1127 3189 11531
1470 3190 1634
1038 3191 14084
2733 3192 4903
1082 3196 11513
532 3198 8474
1837 3199 732
2719 3200 10052
687 3201 2857
1750 3202 196
2568 3204 7264
2202 3205 6527
1976 3206 10090
1385 3207 8318
2148 3208 12035
2783 3209 9582
28 3210 6444
347 3212 7972
322 3213 13041
2399 3214 7315
476 3216 3617
1242 3217 1767
1394 3218 2452
2356 3219 1013
1875 3220 7246
1113 3221 3324
2026 3222 11347
3049 3223 9696
3231 3225 6103
1641 3226 8085
1065 3227 1841
886 3228 8428
2072 3229 449
991 3230 5942
223 3231 9018
2549 3232 1993
2902 3233 2210
2932 3234 7058
1226 3235 13786
2664 3236 11046
3013 3238 13401
2318 3239 5065
3155 3240 954
17 3241 13481
1663 3242 7086
2124 3243 13178
589 3244 2202
2221 3245 11650
2611 3246 763
67 3247 2420
1184 3248 13057
1841 3249 8150
157 3250 10344
1209 3251 4495
2046 3252 3130
1008 3253 8440
3143 3254 8542
1653 3255 5644
1853 3256 2396
2382 3257 10715
1125 3258 7893
1545 3259 11354
