org_id remap_id
3857 0
4634 1
5087 2
3856 3
642 4
1390 5
483 6
3952 7
4335 8
1199 9
1286 10
964 11
5583 12
2596 13
4828 14
883 15
1474 16
3959 17
256 18
1157 19
4143 20
4992 21
2062 22
4456 23
5307 24
1115 25
927 26
3166 27
300 28
2458 29
1061 30
5161 31
277 32
4774 33
4441 34
4698 35
3100 36
3225 37
1479 38
4437 39
2163 40
3927 41
936 42
3189 43
3496 44
3662 45
1897 46
741 47
5622 48
3255 49
3064 50
4965 51
2043 52
5545 53
487 54
4479 55
3448 56
4371 57
4415 58
5550 59
1599 60
2024 61
4431 62
2292 63
3641 64
2907 65
4200 66
1484 67
4723 68
5122 69
2178 70
630 71
3303 72
3429 73
1292 74
3380 75
3740 76
326 77
942 78
3199 79
5432 80
5488 81
4388 82
3793 83
4052 84
2835 85
5869 86
3430 87
1981 88
5634 89
3626 90
4529 91
5756 92
4369 93
2993 94
5907 95
3015 96
4206 97
737 98
5747 99
3364 100
5473 101
4682 102
1862 103
1760 104
3192 105
212 106
1081 107
2498 108
3649 109
5827 110
2259 111
3678 112
3030 113
677 114
1169 115
3862 116
1857 117
902 118
5272 119
957 120
5690 121
2735 122
794 123
1468 124
5370 125
4105 126
5000 127
652 128
2432 129
4100 130
3395 131
5185 132
5350 133
1143 134
4170 135
1674 136
926 137
1736 138
4628 139
454 140
2510 141
114 142
5047 143
3216 144
1840 145
3530 146
5016 147
1642 148
126 149
3444 150
4283 151
3563 152
3615 153
2287 154
1569 155
3260 156
4148 157
812 158
1232 159
5329 160
5958 161
1703 162
3747 163
4358 164
3079 165
5684 166
4137 167
3532 168
1513 169
1236 170
3573 171
3469 172
4622 173
1439 174
3748 175
473 176
365 177
4084 178
2392 179
1714 180
1015 181
1716 182
3412 183
4097 184
66 185
3083 186
36 187
2477 188
5506 189
623 190
5738 191
888 192
4757 193
5804 194
1346 195
225 196
955 197
4540 198
3263 199
3681 200
4856 201
115 202
359 203
2234 204
2061 205
81 206
771 207
3292 208
2117 209
4517 210
1327 211
4743 212
685 213
5195 214
5881 215
1094 216
5965 217
4748 218
948 219
4683 220
4913 221
2600 222
127 223
2951 224
4500 225
5814 226
5163 227
5445 228
569 229
847 230
2526 231
2418 232
2716 233
3203 234
882 235
4996 236
835 237
103 238
5815 239
5060 240
1568 241
1894 242
1945 243
3287 244
1275 245
1278 246
5182 247
5941 248
2912 249
2204 250
2643 251
2826 252
5206 253
1494 254
527 255
2544 256
3432 257
2136 258
4480 259
1303 260
5184 261
5266 262
1559 263
1782 264
4180 265
346 266
749 267
3308 268
747 269
2226 270
690 271
4596 272
235 273
1527 274
918 275
3342 276
339 277
4782 278
3059 279
3236 280
5425 281
4314 282
4788 283
620 284
1835 285
3228 286
2700 287
3230 288
3420 289
2311 290
767 291
12 292
2920 293
4848 294
3917 295
5040 296
2462 297
5568 298
5808 299
2227 300
5055 301
63 302
3885 303
958 304
3376 305
696 306
764 307
2873 308
4195 309
418 310
3512 311
5977 312
2691 313
543 314
4306 315
172 316
3945 317
5822 318
2470 319
4005 320
3627 321
2205 322
4253 323
5984 324
1398 325
1615 326
5660 327
5210 328
1915 329
1972 330
4 331
5418 332
5514 333
255 334
1792 335
1320 336
3949 337
2389 338
4446 339
4875 340
3884 341
415 342
434 343
3478 344
4344 345
1588 346
2146 347
5792 348
4611 349
859 350
4597 351
5080 352
2494 353
546 354
229 355
4710 356
4703 357
99 358
2214 359
2106 360
4736 361
148 362
693 363
4486 364
4550 365
1939 366
2198 367
82 368
758 369
4727 370
3805 371
880 372
5125 373
2336 374
774 375
4700 376
4957 377
932 378
1467 379
1912 380
3034 381
2269 382
1581 383
2174 384
1447 385
2116 386
2715 387
1051 388
4175 389
1625 390
1518 391
5207 392
3628 393
1572 394
700 395
647 396
3746 397
1258 398
4600 399
5048 400
185 401
120 402
3162 403
2698 404
4107 405
2250 406
2894 407
2453 408
2069 409
3502 410
1533 411
1205 412
3517 413
4300 414
906 415
5833 416
6005 417
231 418
1071 419
4661 420
3950 421
5244 422
3363 423
5276 424
4186 425
554 426
4239 427
1175 428
2263 429
2781 430
5310 431
862 432
2531 433
5575 434
3725 435
2298 436
2021 437
5494 438
1908 439
1261 440
2981 441
4637 442
4341 443
731 444
192 445
4086 446
3675 447
3809 448
1431 449
4556 450
5411 451
1535 452
4033 453
4614 454
195 455
876 456
5686 457
4945 458
4114 459
3145 460
1218 461
1351 462
681 463
165 464
4163 465
4613 466
479 467
5232 468
1872 469
1220 470
1185 471
908 472
4732 473
137 474
664 475
2807 476
86 477
3221 478
4205 479
2686 480
5963 481
2567 482
871 483
5362 484
5415 485
3112 486
3178 487
3663 488
2787 489
3319 490
5551 491
5682 492
2034 493
935 494
1191 495
2157 496
5096 497
5196 498
3182 499
3707 500
2770 501
308 502
1213 503
1064 504
1902 505
1892 506
1410 507
4576 508
3493 509
5515 510
5042 511
2776 512
5940 513
2492 514
545 515
3571 516
5887 517
3159 518
2257 519
2468 520
827 521
1413 522
287 523
3445 524
2342 525
4320 526
4955 527
437 528
668 529
4783 530
485 531
910 532
2349 533
5656 534
744 535
1437 536
2799 537
949 538
1207 539
3796 540
2633 541
648 542
1237 543
2511 544
6011 545
1197 546
3137 547
4386 548
3124 549
3206 550
895 551
1756 552
4245 553
2255 554
3824 555
5120 556
5046 557
931 558
4659 559
2795 560
4567 561
460 562
1952 563
4814 564
1109 565
2192 566
2695 567
5220 568
4362 569
1669 570
3665 571
4390 572
510 573
3068 574
1965 575
3791 576
2391 577
4919 578
3932 579
3650 580
4749 581
4301 582
863 583
4435 584
5291 585
2816 586
1035 587
782 588
2000 589
2933 590
5599 591
3600 592
4279 593
5614 594
639 595
2957 596
1216 597
5706 598
4248 599
4820 600
1754 601
2207 602
506 603
1225 604
4552 605
4802 606
4695 607
4111 608
1011 609
1426 610
3777 611
3645 612
478 613
5857 614
379 615
5951 616
3589 617
5212 618
619 619
5360 620
3820 621
751 622
1630 623
3607 624
4043 625
4404 626
2407 627
528 628
2400 629
3167 630
5899 631
3758 632
4379 633
171 634
2862 635
1134 636
3792 637
4780 638
1619 639
5398 640
5519 641
3297 642
4545 643
947 644
1697 645
5546 646
796 647
2489 648
5027 649
1885 650
3892 651
294 652
4459 653
4184 654
2843 655
4444 656
520 657
893 658
3299 659
1798 660
4694 661
2925 662
1930 663
1162 664
4095 665
2612 666
4941 667
5585 668
832 669
5471 670
3209 671
5588 672
2900 673
24 674
4142 675
5039 676
138 677
1860 678
2268 679
1600 680
4756 681
1495 682
4119 683
5461 684
4434 685
1974 686
3939 687
5818 688
2369 689
3762 690
4912 691
5672 692
4605 693
1412 694
190 695
3161 696
2984 697
4645 698
482 699
4688 700
268 701
1766 702
3141 703
2045 704
4062 705
5159 706
5273 707
16 708
3739 709
4553 710
699 711
2959 712
3701 713
6 714
431 715
2830 716
6006 717
3506 718
2421 719
2099 720
1606 721
1463 722
343 723
354 724
3005 725
2868 726
3271 727
4883 728
4177 729
3853 730
579 731
940 732
4502 733
258 734
2825 735
35 736
3528 737
3693 738
1293 739
5097 740
5226 741
2014 742
5177 743
821 744
1659 745
1284 746
585 747
3053 748
5170 749
2509 750
2180 751
3937 752
5355 753
4554 754
5676 755
80 756
186 757
4115 758
1104 759
5033 760
6024 761
4274 762
44 763
1596 764
2947 765
2220 766
250 767
2878 768
230 769
1868 770
2934 771
78 772
1405 773
2746 774
456 775
5919 776
4234 777
2537 778
2864 779
1472 780
5541 781
3921 782
3040 783
1003 784
4603 785
5173 786
1601 787
3789 788
2650 789
4428 790
4029 791
3454 792
4978 793
310 794
5341 795
925 796
259 797
2160 798
4059 799
1788 800
5511 801
3726 802
5664 803
4926 804
1368 805
1370 806
2668 807
3947 808
779 809
3993 810
4068 811
3880 812
1737 813
1740 814
3302 815
3056 816
1879 817
1991 818
2859 819
4395 820
776 821
1591 822
724 823
4889 824
3150 825
989 826
4701 827
3515 828
5155 829
1636 830
3700 831
4626 832
4775 833
1210 834
2057 835
1229 836
2323 837
2030 838
3183 839
5807 840
2627 841
4144 842
5611 843
2534 844
2020 845
3115 846
5931 847
538 848
1174 849
5474 850
5238 851
2614 852
565 853
4880 854
2283 855
4016 856
449 857
3499 858
4481 859
5791 860
2678 861
4759 862
3401 863
2513 864
2914 865
4624 866
2840 867
5270 868
4731 869
706 870
1030 871
4448 872
4693 873
2475 874
3547 875
3213 876
4066 877
2493 878
5809 879
5799 880
104 881
1928 882
5002 883
4591 884
4877 885
3012 886
1196 887
3766 888
2966 889
5997 890
2630 891
2998 892
197 893
5560 894
2682 895
2001 896
809 897
4915 898
2723 899
4639 900
4057 901
3819 902
4819 903
4590 904
2522 905
366 906
5942 907
4833 908
3632 909
2067 910
3366 911
3569 912
701 913
3888 914
4374 915
2424 916
1762 917
2928 918
129 919
524 920
2979 921
5949 922
798 923
4025 924
5148 925
1302 926
3211 927
3270 928
2019 929
2325 930
2304 931
1622 932
1272 933
1012 934
2429 935
1726 936
481 937
6021 938
4225 939
2331 940
2919 941
5253 942
2949 943
2551 944
3984 945
4781 946
5349 947
5375 948
3332 949
3505 950
5081 951
1106 952
27 953
4747 954
271 955
2327 956
618 957
1451 958
720 959
2447 960
3424 961
3371 962
4664 963
972 964
3957 965
534 966
1289 967
4593 968
4840 969
3473 970
765 971
6020 972
5643 973
5829 974
3259 975
1473 976
4867 977
3826 978
4755 979
3460 980
3567 981
4516 982
5992 983
746 984
2980 985
5108 986
411 987
5995 988
251 989
4514 990
88 991
3838 992
1279 993
252 994
4094 995
864 996
1949 997
4891 998
1911 999
1358 1000
3293 1001
2294 1002
4009 1003
3010 1004
1013 1005
4689 1006
4801 1007
1329 1008
4247 1009
4916 1010
133 1011
2070 1012
169 1013
3158 1014
646 1015
5299 1016
3724 1017
101 1018
2940 1019
3336 1020
3413 1021
5606 1022
3671 1023
4046 1024
3239 1025
602 1026
1450 1027
3354 1028
1564 1029
1861 1030
327 1031
2566 1032
4905 1033
444 1034
73 1035
2440 1036
2246 1037
2091 1038
1036 1039
5464 1040
2395 1041
419 1042
5351 1043
1584 1044
1166 1045
5544 1046
1838 1047
4118 1048
3224 1049
2150 1050
3875 1051
2055 1052
4199 1053
5770 1054
5946 1055
14 1056
282 1057
1481 1058
2363 1059
3510 1060
5126 1061
3778 1062
2911 1063
5993 1064
1638 1065
3004 1066
4501 1067
5922 1068
389 1069
193 1070
2213 1071
5216 1072
810 1073
3475 1074
3975 1075
4490 1076
4897 1077
168 1078
5932 1079
2245 1080
3322 1081
1999 1082
3936 1083
813 1084
161 1085
1103 1086
3765 1087
3679 1088
4297 1089
3720 1090
3427 1091
4771 1092
4002 1093
1120 1094
1982 1095
1485 1096
4321 1097
2156 1098
1380 1099
2381 1100
2419 1101
4772 1102
439 1103
5959 1104
3314 1105
3310 1106
975 1107
1768 1108
4966 1109
2935 1110
5271 1111
266 1112
2482 1113
3605 1114
1387 1115
564 1116
4212 1117
2225 1118
2793 1119
613 1120
4508 1121
4334 1122
276 1123
5953 1124
5117 1125
5976 1126
2390 1127
1386 1128
2790 1129
3556 1130
5292 1131
1045 1132
5496 1133
1690 1134
1005 1135
3685 1136
3357 1137
4303 1138
828 1139
4455 1140
160 1141
1852 1142
2289 1143
3133 1144
1975 1145
3623 1146
3612 1147
5203 1148
3135 1149
3596 1150
2373 1151
130 1152
2109 1153
1498 1154
19 1155
441 1156
1097 1157
5982 1158
4036 1159
5318 1160
3537 1161
4312 1162
517 1163
135 1164
4511 1165
5277 1166
315 1167
4055 1168
76 1169
582 1170
2437 1171
2603 1172
4566 1173
2364 1174
152 1175
3251 1176
4189 1177
265 1178
1324 1179
3590 1180
603 1181
117 1182
1881 1183
4139 1184
1203 1185
1824 1186
5564 1187
5268 1188
4555 1189
5654 1190
5061 1191
3174 1192
3601 1193
3131 1194
5297 1195
842 1196
3372 1197
3187 1198
1052 1199
4616 1200
4536 1201
3078 1202
4709 1203
2572 1204
1419 1205
5645 1206
4425 1207
3098 1208
4201 1209
1987 1210
5806 1211
5092 1212
5558 1213
5986 1214
3036 1215
743 1216
777 1217
2155 1218
1204 1219
3148 1220
3774 1221
1079 1222
4575 1223
5933 1224
42 1225
3775 1226
1023 1227
429 1228
3913 1229
388 1230
5265 1231
1007 1232
1266 1233
420 1234
2822 1235
1156 1236
649 1237
3352 1238
5832 1239
5098 1240
5554 1241
4067 1242
5620 1243
2111 1244
5962 1245
4809 1246
2005 1247
4363 1248
26 1249
3958 1250
2890 1251
5099 1252
1148 1253
789 1254
3275 1255
4461 1256
4462 1257
1938 1258
5839 1259
1983 1260
567 1261
2168 1262
3237 1263
3635 1264
1580 1265
1256 1266
2577 1267
4977 1268
3733 1269
4636 1270
5094 1271
1937 1272
5821 1273
588 1274
3212 1275
5181 1276
872 1277
4286 1278
1260 1279
2639 1280
3446 1281
1866 1282
1747 1283
1139 1284
5983 1285
5302 1286
3335 1287
2665 1288
5647 1289
4785 1290
3396 1291
1442 1292
604 1293
1154 1294
4325 1295
3694 1296
3516 1297
1376 1298
1001 1299
5884 1300
3267 1301
285 1302
2752 1303
3633 1304
3386 1305
5725 1306
1457 1307
4092 1308
867 1309
713 1310
4093 1311
5420 1312
2586 1313
799 1314
458 1315
818 1316
980 1317
4117 1318
4805 1319
2133 1320
3136 1321
1858 1322
1239 1323
25 1324
1531 1325
911 1326
412 1327
2703 1328
905 1329
3139 1330
5689 1331
4238 1332
1604 1333
788 1334
790 1335
840 1336
362 1337
2530 1338
2404 1339
3288 1340
5378 1341
4680 1342
1025 1343
1364 1344
1571 1345
1338 1346
1417 1347
5802 1348
3818 1349
1362 1350
4984 1351
2457 1352
674 1353
3579 1354
4887 1355
4898 1356
467 1357
4789 1358
2985 1359
5576 1360
3640 1361
6025 1362
5085 1363
3710 1364
5724 1365
61 1366
3449 1367
4934 1368
4716 1369
5820 1370
2812 1371
3847 1372
535 1373
1454 1374
2882 1375
2478 1376
2599 1377
5900 1378
4931 1379
5531 1380
5601 1381
2422 1382
1700 1383
3422 1384
1517 1385
5240 1386
4208 1387
2442 1388
320 1389
5175 1390
116 1391
5482 1392
1093 1393
368 1394
1662 1395
299 1396
3399 1397
430 1398
1149 1399
5111 1400
1759 1401
4778 1402
5164 1403
544 1404
3706 1405
1355 1406
5559 1407
3265 1408
5537 1409
5851 1410
5784 1411
2247 1412
2041 1413
5914 1414
3024 1415
146 1416
4018 1417
2081 1418
4126 1419
332 1420
2730 1421
2049 1422
5251 1423
1137 1424
1490 1425
5385 1426
198 1427
4436 1428
5282 1429
3909 1430
4491 1431
5507 1432
286 1433
4812 1434
4241 1435
3509 1436
1138 1437
2644 1438
5435 1439
2141 1440
3524 1441
5110 1442
1990 1443
635 1444
5167 1445
4284 1446
1347 1447
5906 1448
2501 1449
3743 1450
2767 1451
2507 1452
374 1453
350 1454
3905 1455
145 1456
5739 1457
5870 1458
3624 1459
2888 1460
723 1461
4852 1462
1567 1463
1063 1464
2275 1465
34 1466
5763 1467
5572 1468
4484 1469
2937 1470
3043 1471
4003 1472
2965 1473
424 1474
4063 1475
3920 1476
5113 1477
2206 1478
91 1479
5990 1480
3514 1481
3695 1482
3254 1483
1198 1484
2138 1485
1667 1486
2734 1487
5745 1488
4520 1489
1943 1490
1253 1491
734 1492
1804 1493
709 1494
1871 1495
2765 1496
2197 1497
1851 1498
2683 1499
894 1500
3093 1501
551 1502
275 1503
2200 1504
3655 1505
2518 1506
2135 1507
5841 1508
398 1509
5337 1510
6010 1511
4970 1512
3946 1513
5438 1514
4618 1515
5534 1516
714 1517
1077 1518
4032 1519
4562 1520
1000 1521
3108 1522
46 1523
3619 1524
4075 1525
2397 1526
959 1527
2184 1528
4191 1529
726 1530
1127 1531
3997 1532
2733 1533
3830 1534
1019 1535
1837 1536
5691 1537
2202 1538
1385 1539
5630 1540
476 1541
5610 1542
4432 1543
2026 1544
1065 1545
2932 1546
4764 1547
223 1548
5248 1549
4714 1550
2318 1551
5727 1552
3702 1553
3915 1554
5331 1555
1663 1556
4397 1557
1008 1558
3143 1559
1125 1560
3677 1561
5446 1562
5873 1563
4492 1564
3657 1565
4413 1566
2368 1567
56 1568
3220 1569
4841 1570
831 1571
5847 1572
3046 1573
4172 1574
1170 1575
1507 1576
5397 1577
3562 1578
6015 1579
3451 1580
4690 1581
209 1582
950 1583
2076 1584
3279 1585
4421 1586
2388 1587
3933 1588
1206 1589
1775 1590
4729 1591
110 1592
3129 1593
3808 1594
2883 1595
3491 1596
1043 1597
1382 1598
1729 1599
1339 1600
5526 1601
2308 1602
3344 1603
5638 1604
5214 1605
3800 1606
3421 1607
3614 1608
627 1609
5555 1610
3123 1611
249 1612
3456 1613
5740 1614
4089 1615
678 1616
5979 1617
4653 1618
808 1619
1758 1620
293 1621
5732 1622
1108 1623
953 1624
2426 1625
2387 1626
5416 1627
6038 1628
4384 1629
1777 1630
4657 1631
1341 1632
3646 1633
4259 1634
6013 1635
4044 1636
5629 1637
5838 1638
2169 1639
1616 1640
4288 1641
2466 1642
3088 1643
4818 1644
3385 1645
38 1646
4457 1647
4493 1648
113 1649
4214 1650
2974 1651
2884 1652
151 1653
3670 1654
6016 1655
4281 1656
2655 1657
4543 1658
50 1659
3452 1660
2533 1661
1399 1662
2724 1663
55 1664
4287 1665
5119 1666
3072 1667
2637 1668
2297 1669
4878 1670
3653 1671
1076 1672
1291 1673
4776 1674
5767 1675
2313 1676
1749 1677
2499 1678
680 1679
2617 1680
3316 1681
1313 1682
5004 1683
1631 1684
96 1685
824 1686
3764 1687
1820 1688
4896 1689
4650 1690
1219 1691
1618 1692
3938 1693
617 1694
6036 1695
5300 1696
5025 1697
2264 1698
1712 1699
2718 1700
3074 1701
1802 1702
1536 1703
1917 1704
4034 1705
3879 1706
4223 1707
529 1708
4702 1709
213 1710
1501 1711
5260 1712
3782 1713
3757 1714
5813 1715
5675 1716
5872 1717
1953 1718
5885 1719
5321 1720
2261 1721
2918 1722
531 1723
3540 1724
2738 1725
5810 1726
191 1727
768 1728
3105 1729
4026 1730
5470 1731
2688 1732
525 1733
4255 1734
1056 1735
5735 1736
5775 1737
1328 1738
210 1739
2609 1740
1603 1741
5728 1742
1295 1743
1193 1744
4327 1745
1679 1746
1350 1747
3198 1748
996 1749
1720 1750
5718 1751
5966 1752
2196 1753
2092 1754
1058 1755
1499 1756
433 1757
858 1758
5939 1759
3907 1760
2909 1761
3687 1762
500 1763
2996 1764
1400 1765
903 1766
1909 1767
516 1768
1402 1769
1825 1770
3392 1771
4164 1772
3565 1773
1728 1774
1563 1775
518 1776
5426 1777
5646 1778
2414 1779
5844 1780
2968 1781
4601 1782
3075 1783
5542 1784
1416 1785
4083 1786
4615 1787
3902 1788
1195 1789
2254 1790
3843 1791
1243 1792
3578 1793
2467 1794
2186 1795
1967 1796
2916 1797
3281 1798
4109 1799
5404 1800
5803 1801
5789 1802
324 1803
3181 1804
15 1805
1434 1806
4149 1807
4769 1808
2629 1809
4364 1810
53 1811
5295 1812
5538 1813
761 1814
1183 1815
4995 1816
2545 1817
1311 1818
1926 1819
3690 1820
2352 1821
4475 1822
4546 1823
3085 1824
3534 1825
4739 1826
196 1827
3360 1828
5639 1829
4528 1830
106 1831
2428 1832
1739 1833
2559 1834
5354 1835
3521 1836
1548 1837
3006 1838
1264 1839
90 1840
978 1841
1772 1842
3803 1843
6030 1844
2641 1845
2570 1846
760 1847
1298 1848
5565 1849
5364 1850
2358 1851
4813 1852
246 1853
4515 1854
1333 1855
3359 1856
5186 1857
1822 1858
5988 1859
5759 1860
3350 1861
4929 1862
5773 1863
2576 1864
378 1865
3226 1866
4077 1867
2173 1868
3018 1869
2223 1870
5978 1871
5280 1872
4533 1873
1585 1874
738 1875
1200 1876
3242 1877
4881 1878
4577 1879
4658 1880
4426 1881
3898 1882
757 1883
2436 1884
660 1885
5150 1886
944 1887
304 1888
2361 1889
3351 1890
5535 1891
5845 1892
697 1893
2992 1894
3832 1895
584 1896
1921 1897
5084 1898
1699 1899
1448 1900
3397 1901
3144 1902
2711 1903
1231 1904
2789 1905
533 1906
2628 1907
2938 1908
1268 1909
2727 1910
3398 1911
1168 1912
178 1913
1896 1914
4507 1915
5228 1916
1800 1917
1514 1918
5712 1919
3240 1920
3535 1921
2409 1922
5816 1923
4592 1924
877 1925
1308 1926
3389 1927
2588 1928
5044 1929
1475 1930
3779 1931
1161 1932
2892 1933
2774 1934
5390 1935
4850 1936
4902 1937
4035 1938
3190 1939
1833 1940
4218 1941
1854 1942
899 1943
1933 1944
405 1945
5840 1946
2449 1947
3784 1948
1528 1949
5213 1950
3184 1951
2362 1952
3943 1953
1576 1954
5871 1955
2707 1956
2684 1957
1538 1958
4907 1959
793 1960
2303 1961
5917 1962
621 1963
662 1964
3642 1965
288 1966
4964 1967
1960 1968
264 1969
2701 1970
2236 1971
994 1972
4570 1973
730 1974
1032 1975
3873 1976
5154 1977
2903 1978
5091 1979
1511 1980
448 1981
3928 1982
156 1983
3866 1984
3306 1985
203 1986
260 1987
1070 1988
5897 1989
1147 1990
1880 1991
4333 1992
1491 1993
3887 1994
4869 1995
5579 1996
4908 1997
179 1998
3069 1999
273 2000
2384 2001
201 2002
4854 2003
2779 2004
4503 2005
1893 2006
2705 2007
2899 2008
2451 2009
2963 2010
5850 2011
1617 2012
2755 2013
1755 2014
4153 2015
1359 2016
3815 2017
1522 2018
3391 2019
5878 2020
1031 2021
1701 2022
2616 2023
3173 2024
2274 2025
4408 2026
1101 2027
183 2028
1553 2029
5241 2030
232 2031
3256 2032
691 2033
3393 2034
4932 2035
1452 2036
219 2037
5410 2038
3797 2039
5874 2040
3186 2041
5633 2042
2479 2043
5018 2044
5713 2045
4904 2046
3816 2047
2134 2048
1215 2049
2651 2050
4113 2051
422 2052
5156 2053
2839 2054
2281 2055
1925 2056
2370 2057
1353 2058
3923 2059
3696 2060
971 2061
4656 2062
1396 2063
5462 2064
1444 2065
879 2066
274 2067
4473 2068
1307 2069
65 2070
3664 2071
817 2072
3436 2073
2547 2074
2094 2075
2557 2076
1241 2077
2991 2078
5705 2079
2119 2080
2474 2081
1469 2082
1432 2083
1959 2084
2881 2085
2750 2086
2594 2087
2837 2088
3304 2089
593 2090
5702 2091
2053 2092
3827 2093
4081 2094
2970 2095
1927 2096
2317 2097
248 2098
1274 2099
353 2100
1543 2101
1906 2102
5603 2103
3122 2104
846 2105
3435 2106
4677 2107
1411 2108
4160 2109
397 2110
2652 2111
2098 2112
5353 2113
5363 2114
5741 2115
5246 2116
4370 2117
450 2118
1123 2119
3425 2120
853 2121
5249 2122
2128 2123
5760 2124
3587 2125
5456 2126
855 2127
1330 2128
2144 2129
3876 2130
596 2131
5034 2132
2564 2133
451 2134
58 2135
4065 2136
615 2137
1611 2138
4135 2139
5130 2140
2536 2141
563 2142
4451 2143
4187 2144
5215 2145
5192 2146
9 2147
2842 2148
2149 2149
2622 2150
1388 2151
2121 2152
1850 2153
2587 2154
2654 2155
1504 2156
3865 2157
1167 2158
3365 2159
4523 2160
4815 2161
385 2162
3965 2163
3246 2164
4039 2165
6003 2166
5567 2167
4644 2168
1471 2169
1246 2170
2726 2171
1752 2172
1781 2173
4717 2174
3812 2175
5008 2176
1378 2177
3168 2178
601 2179
5412 2180
5960 2181
5578 2182
3721 2183
2712 2184
2393 2185
1180 2186
399 2187
2115 2188
1627 2189
2792 2190
702 2191
3035 2192
410 2193
207 2194
5971 2195
4270 2196
3869 2197
3661 2198
785 2199
3442 2200
4722 2201
5530 2202
4561 2203
5883 2204
2431 2205
1675 2206
5293 2207
4008 2208
5861 2209
43 2210
3438 2211
4559 2212
2408 2213
1870 2214
5771 2215
5017 2216
2348 2217
2017 2218
486 2219
1299 2220
5136 2221
4131 2222
3121 2223
3066 2224
806 2225
3631 2226
5709 2227
2760 2228
4519 2229
416 2230
5956 2231
3584 2232
4599 2233
97 2234
3450 2235
5721 2236
5316 2237
4631 2238
3388 2239
1963 2240
4411 2241
4318 2242
2804 2243
740 2244
5105 2245
4161 2246
4718 2247
3356 2248
2786 2249
5376 2250
2525 2251
3769 2252
4859 2253
881 2254
4424 2255
3860 2256
993 2257
1935 2258
1029 2259
2380 2260
2244 2261
174 2262
1323 2263
3481 2264
5786 2265
1784 2266
3931 2267
4720 2268
5477 2269
3037 2270
599 2271
5582 2272
321 2273
155 2274
3345 2275
3474 2276
3406 2277
5936 2278
3513 2279
2105 2280
2282 2281
3149 2282
4719 2283
967 2284
2438 2285
6023 2286
2379 2287
766 2288
4072 2289
5853 2290
4726 2291
144 2292
4569 2293
2110 2294
4292 2295
4960 2296
4573 2297
1461 2298
4176 2299
3487 2300
694 2301
5653 2302
5187 2303
5502 2304
5457 2305
1941 2306
2725 2307
3813 2308
5909 2309
1839 2310
3472 2311
3200 2312
884 2313
3298 2314
3197 2315
4667 2316
4337 2317
5219 2318
5129 2319
4209 2320
3465 2321
5485 2322
11 2323
5367 2324
934 2325
5913 2326
4464 2327
367 2328
3846 2329
2170 2330
3722 2331
4228 2332
5358 2333
4580 2334
1136 2335
3795 2336
1643 2337
4104 2338
2068 2339
1876 2340
3712 2341
4447 2342
1395 2343
1438 2344
4860 2345
3101 2346
5274 2347
854 2348
2378 2349
4181 2350
2339 2351
5037 2352
2590 2353
2189 2354
1918 2355
1848 2356
1332 2357
2860 2358
452 2359
4669 2360
5879 2361
432 2362
4004 2363
1565 2364
1916 2365
3583 2366
1322 2367
4612 2368
4871 2369
5980 2370
3598 2371
2608 2372
2832 2373
455 2374
5969 2375
4246 2376
4857 2377
2768 2378
2602 2379
281 2380
2193 2381
5063 2382
5323 2383
4010 2384
2759 2385
5143 2386
2610 2387
2836 2388
5510 2389
3176 2390
3410 2391
3103 2392
3732 2393
4925 2394
4403 2395
2330 2396
1810 2397
4001 2398
2697 2399
5079 2400
1830 2401
1793 2402
1956 2403
1979 2404
5131 2405
2990 2406
314 2407
919 2408
3082 2409
3266 2410
3268 2411
54 2412
4800 2413
787 2414
5315 2415
1874 2416
1124 2417
5532 2418
5267 2419
1129 2420
4806 2421
4855 2422
748 2423
3428 2424
5848 2425
5945 2426
356 2427
2222 2428
4439 2429
153 2430
5336 2431
5223 2432
5051 2433
5525 2434
5652 2435
4380 2436
4990 2437
2913 2438
3329 2439
1312 2440
4232 2441
364 2442
4704 2443
916 2444
1181 2445
3383 2446
3572 2447
4112 2448
1381 2449
5333 2450
4222 2451
1761 2452
4110 2453
3637 2454
4607 2455
1459 2456
3544 2457
3407 2458
1816 2459
32 2460
2012 2461
4365 2462
2118 2463
4438 2464
4930 2465
3940 2466
3156 2467
654 2468
1803 2469
834 2470
1637 2471
2748 2472
2967 2473
1813 2474
3638 2475
1188 2476
5928 2477
5973 2478
4227 2479
181 2480
2038 2481
376 2482
4551 2483
3117 2484
5082 2485
5673 2486
3674 2487
523 2488
4939 2489
5687 2490
5217 2491
373 2492
869 2493
92 2494
497 2495
5911 2496
5359 2497
1867 2498
981 2499
4766 2500
2802 2501
2386 2502
3568 2503
1500 2504
2316 2505
5750 2506
3126 2507
5423 2508
889 2509
2875 2510
4753 2511
436 2512
112 2513
2460 2514
5764 2515
4959 2516
3466 2517
2975 2518
208 2519
2749 2520
3580 2521
3835 2522
1809 2523
1661 2524
1765 2525
973 2526
2821 2527
6026 2528
3709 2529
6034 2530
1340 2531
1054 2532
4219 2533
4178 2534
4129 2535
2543 2536
5901 2537
2693 2538
610 2539
4154 2540
2484 2541
340 2542
5518 2543
5335 2544
3776 2545
1214 2546
2217 2547
4099 2548
3698 2549
1657 2550
1466 2551
4735 2552
5489 2553
555 2554
3982 2555
3217 2556
357 2557
1961 2558
1086 2559
295 2560
1780 2561
4879 2562
2681 2563
4307 2564
3000 2565
3294 2566
5197 2567
2260 2568
4672 2569
1178 2570
2710 2571
4811 2572
4740 2573
459 2574
334 2575
1672 2576
4355 2577
3586 2578
836 2579
4918 2580
3238 2581
4944 2582
2941 2583
1628 2584
383 2585
2833 2586
541 2587
3020 2588
4298 2589
4587 2590
4410 2591
4632 2592
2994 2593
1884 2594
1913 2595
3912 2596
5776 2597
471 2598
5022 2599
2806 2600
558 2601
3550 2602
4988 2603
3411 2604
4538 2605
2344 2606
30 2607
3597 2608
2870 2609
1715 2610
4830 2611
716 2612
3999 2613
5171 2614
2666 2615
5189 2616
119 2617
5699 2618
5837 2619
5961 2620
1785 2621
5311 2622
4530 2623
845 2624
5009 2625
3370 2626
1208 2627
369 2628
2757 2629
4586 2630
4196 2631
1566 2632
1337 2633
2670 2634
4707 2635
2195 2636
4733 2637
1116 2638
2032 2639
1404 2640
2159 2641
2201 2642
2597 2643
5064 2644
2396 2645
118 2646
795 2647
2687 2648
257 2649
1440 2650
2394 2651
3754 2652
2035 2653
4141 2654
3978 2655
2022 2656
1828 2657
5937 2658
1863 2659
2729 2660
3861 2661
4610 2662
5347 2663
3086 2664
2310 2665
5824 2666
5669 2667
2016 2668
3988 2669
841 2670
4991 2671
2997 2672
440 2673
5926 2674
3283 2675
3995 2676
2741 2677
5594 2678
1812 2679
2374 2680
804 2681
3969 2682
4954 2683
4078 2684
1482 2685
5557 2686
752 2687
2300 2688
3618 2689
2471 2690
1069 2691
4290 2692
2667 2693
1831 2694
4685 2695
7 2696
2036 2697
3676 2698
5843 2699
2182 2700
2538 2701
2052 2702
1409 2703
2905 2704
188 2705
5948 2706
3497 2707
3312 2708
1783 2709
3951 2710
394 2711
4465 2712
3102 2713
4264 2714
4037 2715
5501 2716
4882 2717
1634 2718
3760 2719
1529 2720
1730 2721
2642 2722
2575 2723
4974 2724
2624 2725
673 2726
297 2727
2199 2728
4064 2729
3648 2730
570 2731
3960 2732
5737 2733
781 2734
915 2735
3272 2736
5859 2737
3844 2738
1014 2739
3934 2740
3977 2741
3756 2742
241 2743
5663 2744
2077 2745
3039 2746
3416 2747
5043 2748
4351 2749
5543 2750
2709 2751
125 2752
1635 2753
4544 2754
4128 2755
857 2756
3850 2757
37 2758
4445 2759
243 2760
3714 2761
1557 2762
3620 2763
162 2764
2728 2765
5989 2766
3549 2767
848 2768
1407 2769
4366 2770
2785 2771
4910 2772
507 2773
4873 2774
2238 2775
2560 2776
5174 2777
3327 2778
3893 2779
5275 2780
3854 2781
2782 2782
62 2783
1710 2784
2814 2785
4844 2786
4737 2787
220 2788
3331 2789
3604 2790
5327 2791
2322 2792
5616 2793
640 2794
1648 2795
1098 2796
3361 2797
2266 2798
2252 2799
4721 2800
5783 2801
2764 2802
837 2803
1964 2804
3886 2805
3585 2806
466 2807
2971 2808
4340 2809
1384 2810
3378 2811
5198 2812
939 2813
1348 2814
5927 2815
159 2816
4285 2817
1589 2818
666 2819
4376 2820
5227 2821
5317 2822
31 2823
4393 2824
4449 2825
2496 2826
3533 2827
4571 2828
608 2829
1891 2830
2434 2831
4994 2832
1578 2833
1107 2834
5742 2835
226 2836
2982 2837
1234 2838
5135 2839
4133 2840
4243 2841
5703 2842
1251 2843
3900 2844
5314 2845
5500 2846
5930 2847
5218 2848
2931 2849
562 2850
4796 2851
21 2852
860 2853
3311 2854
1285 2855
5115 2856
3484 2857
4604 2858
5627 2859
3942 2860
234 2861
3666 2862
5444 2863
472 2864
5781 2865
2502 2866
4936 2867
5261 2868
5021 2869
1986 2870
2872 2871
5521 2872
1626 2873
634 2874
3790 2875
1620 2876
189 2877
643 2878
1049 2879
2151 2880
2758 2881
2675 2882
2306 2883
2561 2884
5549 2885
5365 2886
1845 2887
3250 2888
5102 2889
1612 2890
4132 2891
371 2892
309 2893
5202 2894
5057 2895
3954 2896
3773 2897
1877 2898
769 2899
1546 2900
2657 2901
3644 2902
3613 2903
3745 2904
2314 2905
4734 2906
1903 2907
573 2908
4863 2909
1640 2910
611 2911
2334 2912
1751 2913
2648 2914
5006 2915
5330 2916
2100 2917
4216 2918
5118 2919
4378 2920
1594 2921
2130 2922
5625 2923
2930 2924
2964 2925
2512 2926
4041 2927
3468 2928
5651 2929
5800 2930
283 2931
1102 2932
739 2933
504 2934
969 2935
3985 2936
1794 2937
5924 2938
5036 2939
3780 2940
600 2941
2880 2942
1326 2943
5896 2944
2853 2945
77 2946
976 2947
1670 2948
5860 2949
2302 2950
2375 2951
2838 2952
984 2953
3660 2954
5221 2955
1683 2956
5361 2957
5744 2958
5403 2959
1632 2960
1228 2961
2504 2962
3781 2963
4383 2964
5729 2965
1131 2966
778 2967
2103 2968
5160 2969
5168 2970
3340 2971
5683 2972
4011 2973
319 2974
3348 2975
348 2976
4375 2977
2405 2978
4146 2979
687 2980
1277 2981
2568 2982
5573 2983
1976 2984
2783 2985
5612 2986
28 2987
5400 2988
1537 2989
2356 2990
3231 2991
1641 2992
3906 2993
4194 2994
3529 2995
2611 2996
5650 2997
1653 2998
1853 2999
3519 3000
2382 3001
1545 3002
1267 3003
5621 3004
108 3005
5334 3006
3972 3007
2869 3008
3134 3009
218 3010
1540 3011
1128 3012
5698 3013
2190 3014
4023 3015
1194 3016
1819 3017
5127 3018
3284 3019
5414 3020
2140 3021
280 3022
5386 3023
653 3024
4524 3025
800 3026
3026 3027
556 3028
1379 3029
542 3030
1996 3031
5050 3032
402 3033
3125 3034
2848 3035
4269 3036
2742 3037
3553 3038
2272 3039
4122 3040
5083 3041
2258 3042
999 3043
4999 3044
5516 3045
575 3046
1428 3047
5204 3048
1732 3049
2175 3050
3160 3051
909 3052
5785 3053
5793 3054
3603 3055
897 3056
1492 3057
3542 3058
5780 3059
33 3060
1534 3061
5305 3062
977 3063
2337 3064
2818 3065
3581 3066
1924 3067
4098 3068
559 3069
75 3070
4276 3071
3794 3072
2441 3073
3833 3074
4725 3075
4330 3076
2737 3077
1929 3078
2598 3079
2410 3080
2333 3081
6019 3082
870 3083
237 3084
1072 3085
3157 3086
4619 3087
4635 3088
2635 3089
1905 3090
4203 3091
3851 3092
1126 3093
5133 3094
875 3095
586 3096
3320 3097
261 3098
5284 3099
3009 3100
1160 3101
4584 3102
98 3103
1334 3104
1882 3105
2823 3106
3414 3107
5505 3108
2953 3109
87 3110
2669 3111
3541 3112
4261 3113
5552 3114
3728 3115
5026 3116
1978 3117
3358 3118
1738 3119
2058 3120
780 3121
5281 3122
3309 3123
4958 3124
5517 3125
5450 3126
4673 3127
2004 3128
2137 3129
2087 3130
5124 3131
5287 3132
1940 3133
5898 3134
2558 3135
4385 3136
5211 3137
1778 3138
3349 3139
1923 3140
5077 3141
3688 3142
4442 3143
5487 3144
5194 3145
360 3146
868 3147
1165 3148
3151 3149
465 3150
2145 3151
3548 3152
4993 3153
4074 3154
661 3155
816 3156
1089 3157
4467 3158
5862 3159
4947 3160
4240 3161
2228 3162
2673 3163
2009 3164
2029 3165
852 3166
2347 3167
2689 3168
5882 3169
598 3170
2607 3171
2847 3172
3172 3173
3593 3174
1074 3175
1055 3176
2769 3177
3901 3178
501 3179
5089 3180
3672 3181
2167 3182
2107 3183
3715 3184
5658 3185
4861 3186
4608 3187
3768 3188
2402 3189
4606 3190
5711 3191
3476 3192
2618 3193
1363 3194
1708 3195
4070 3196
6008 3197
4620 3198
4430 3199
5472 3200
650 3201
2591 3202
3591 3203
4795 3204
2104 3205
998 3206
381 3207
2464 3208
1947 3209
5766 3210
1010 3211
4568 3212
2766 3213
2229 3214
727 3215
2143 3216
200 3217
1668 3218
3841 3219
1888 3220
898 3221
1707 3222
1994 3223
3630 3224
2999 3225
166 3226
519 3227
2634 3228
147 3229
3673 3230
695 3231
4019 3232
284 3233
861 3234
499 3235
2722 3236
3814 3237
5708 3238
1948 3239
2751 3240
4750 3241
1488 3242
4674 3243
3164 3244
3874 3245
4356 3246
514 3247
3910 3248
1727 3249
937 3250
1658 3251
4391 3252
4691 3253
4073 3254
4715 3255
3204 3256
4975 3257
3821 3258
5279 3259
1664 3260
5222 3261
3290 3262
512 3263
3498 3264
4080 3265
1651 3266
4799 3267
1159 3268
3634 3269
4846 3270
1189 3271
1068 3272
3944 3273
3689 3274
4460 3275
990 3276
5151 3277
4884 3278
1574 3279
341 3280
5704 3281
4786 3282
4660 3283
1977 3284
1694 3285
3381 3286
1217 3287
5075 3288
521 3289
4151 3290
1741 3291
1502 3292
1040 3293
2 3294
1598 3295
5059 3296
2824 3297
5778 3298
1016 3299
2142 3300
3659 3301
1587 3302
5812 3303
6029 3304
380 3305
2367 3306
1654 3307
409 3308
572 3309
1742 3310
5054 3311
1317 3312
1142 3313
4345 3314
1122 3315
1575 3316
1718 3317
4972 3318
3193 3319
4793 3320
1048 3321
2445 3322
5520 3323
3989 3324
3433 3325
5628 3326
1301 3327
1973 3328
1211 3329
2435 3330
5427 3331
3119 3332
2066 3333
624 3334
2917 3335
2425 3336
1480 3337
1240 3338
4746 3339
2158 3340
4767 3341
5229 3342
5888 3343
1950 3344
3990 3345
29 3346
4048 3347
4868 3348
4427 3349
4138 3350
665 3351
4332 3352
3543 3353
2517 3354
4145 3355
2858 3356
2416 3357
988 3358
1132 3359
1847 3360
2365 3361
1633 3362
5695 3363
5088 3364
3991 3365
1652 3366
1834 3367
2672 3368
5225 3369
676 3370
4894 3371
3418 3372
1951 3373
849 3374
239 3375
3531 3376
4440 3377
3840 3378
756 3379
1873 3380
2321 3381
954 3382
2278 3383
3334 3384
3611 3385
3559 3386
184 3387
4676 3388
4968 3389
2412 3390
390 3391
4252 3392
5153 3393
1153 3394
3382 3395
3956 3396
548 3397
656 3398
684 3399
2486 3400
651 3401
5183 3402
5176 3403
2483 3404
2854 3405
214 3406
408 3407
3737 3408
361 3409
2721 3410
47 3411
2520 3412
5642 3413
4359 3414
2736 3415
206 3416
5503 3417
4675 3418
5231 3419
3718 3420
4477 3421
3453 3422
5469 3423
443 3424
814 3425
1182 3426
5339 3427
1932 3428
464 3429
3179 3430
5308 3431
41 3432
3417 3433
4387 3434
2539 3435
553 3436
1164 3437
488 3438
1997 3439
722 3440
167 3441
5340 3442
5056 3443
4512 3444
1855 3445
3296 3446
5524 3447
1602 3448
2956 3449
2162 3450
4914 3451
2762 3452
5290 3453
3318 3454
2747 3455
3753 3456
5787 3457
4851 3458
5499 3459
2152 3460
1273 3461
1306 3462
1177 3463
3882 3464
4839 3465
2495 3466
2813 3467
5255 3468
5562 3469
4389 3470
1746 3471
2007 3472
922 3473
2241 3474
2731 3475
3062 3476
1041 3477
2265 3478
4836 3479
6002 3480
2209 3481
4236 3482
5512 3483
1919 3484
1105 3485
2579 3486
1836 3487
1692 3488
6028 3489
641 3490
2625 3491
23 3492
175 3493
3804 3494
3935 3495
1827 3496
4522 3497
2535 3498
445 3499
843 3500
2439 3501
89 3502
5451 3503
1799 3504
3110 3505
3447 3506
1942 3507
1593 3508
1821 3509
2797 3510
1644 3511
5285 3512
4329 3513
5710 3514
3895 3515
829 3516
3967 3517
550 3518
2943 3519
345 3520
3668 3521
1665 3522
2080 3523
4777 3524
5957 3525
1795 3526
3798 3527
278 3528
1733 3529
1247 3530
4471 3531
2216 3532
5944 3533
1586 3534
5066 3535
1509 3536
4574 3537
4220 3538
2696 3539
1152 3540
5891 3541
659 3542
4822 3543
4862 3544
93 3545
577 3546
2794 3547
1677 3548
2581 3549
2233 3550
707 3551
2944 3552
1713 3553
3911 3554
2179 3555
1420 3556
719 3557
4254 3558
1300 3559
4174 3560
2867 3561
755 3562
2101 3563
4922 3564
3594 3565
4943 3566
1774 3567
1406 3568
3966 3569
3227 3570
1280 3571
4711 3572
2064 3573
5114 3574
2857 3575
3983 3576
2659 3577
1721 3578
4699 3579
496 3580
1222 3581
5455 3582
4823 3583
2945 3584
387 3585
2455 3586
4483 3587
5319 3588
4824 3589
1688 3590
2125 3591
3625 3592
3575 3593
4315 3594
4311 3595
3232 3596
5250 3597
2171 3598
3403 3599
5475 3600
4885 3601
3561 3602
3730 3603
1550 3604
1477 3605
2239 3606
4401 3607
4594 3608
5441 3609
4768 3610
3462 3611
1763 3612
2863 3613
2962 3614
3582 3615
5460 3616
4007 3617
2463 3618
4474 3619
786 3620
1704 3621
5283 3622
1544 3623
72 3624
3280 3625
5224 3626
4976 3627
3592 3628
1731 3629
3858 3630
987 3631
3554 3632
904 3633
5409 3634
3163 3635
2961 3636
4453 3637
590 3638
2923 3639
5015 3640
5320 3641
5166 3642
5595 3643
3253 3644
170 3645
1173 3646
244 3647
3526 3648
5875 3649
2861 3650
4120 3651
5191 3652
5230 3653
158 3654
4217 3655
5028 3656
1004 3657
1117 3658
1958 3659
4258 3660
1112 3661
3269 3662
4527 3663
1770 3664
4938 3665
2371 3666
1560 3667
1022 3668
1309 3669
1597 3670
111 3671
3273 3672
4765 3673
5823 3674
956 3675
4997 3676
708 3677
2901 3678
5640 3679
4373 3680
5128 3681
1962 3682
2623 3683
1425 3684
2372 3685
5429 3686
3054 3687
3480 3688
4832 3689
2102 3690
3343 3691
3169 3692
5138 3693
2784 3694
5527 3695
2663 3696
1140 3697
4888 3698
5736 3699
337 3700
1666 3701
5529 3702
3872 3703
4417 3704
4572 3705
2488 3706
2692 3707
6018 3708
4400 3709
40 3710
1843 3711
4116 3712
3525 3713
5112 3714
3061 3715
5263 3716
4956 3717
3719 3718
1811 3719
407 3720
3837 3721
4088 3722
2924 3723
5866 3724
3455 3725
5974 3726
1119 3727
3032 3728
4842 3729
4506 3730
2809 3731
182 3732
3463 3733
1389 3734
2800 3735
4463 3736
3264 3737
3479 3738
3130 3739
3736 3740
4454 3741
4953 3742
3570 3743
4085 3744
2548 3745
5093 3746
4949 3747
4291 3748
5674 3749
1047 3750
358 3751
4319 3752
5324 3753
3742 3754
6017 3755
2640 3756
1158 3757
289 3758
2011 3759
4744 3760
5604 3761
2505 3762
5688 3763
3257 3764
1445 3765
5593 3766
1526 3767
2879 3768
5849 3769
4452 3770
4807 3771
1806 3772
5609 3773
2406 3774
173 3775
1354 3776
2328 3777
5256 3778
1878 3779
4928 3780
4646 3781
3081 3782
4022 3783
4901 3784
5431 3785
3802 3786
4354 3787
5169 3788
2589 3789
5076 3790
5631 3791
3328 3792
4382 3793
134 3794
150 3795
4230 3796
342 3797
4000 3798
637 3799
3243 3800
2273 3801
1859 3802
2320 3803
3929 3804
1899 3805
2063 3806
338 3807
2552 3808
3823 3809
463 3810
5035 3811
4289 3812
2385 3813
2850 3814
5193 3815
820 3816
960 3817
3063 3818
4686 3819
2415 3820
503 3821
2976 3822
291 3823
1934 3824
2446 3825
1085 3826
946 3827
2147 3828
865 3829
1789 3830
3249 3831
3485 3832
5681 3833
427 3834
2095 3835
631 3836
3763 3837
885 3838
5436 3839
1503 3840
4414 3841
5139 3842
3202 3843
5262 3844
616 3845
4152 3846
2950 3847
4054 3848
1541 3849
1577 3850
2874 3851
4346 3852
4409 3853
279 3854
2315 3855
2423 3856
1092 3857
2326 3858
3073 3859
140 3860
657 3861
313 3862
1238 3863
121 3864
4317 3865
5480 3866
84 3867
5343 3868
1343 3869
4906 3870
1552 3871
5553 3872
236 3873
5890 3874
4485 3875
3076 3876
4183 3877
2444 3878
2527 3879
2003 3880
966 3881
4233 3882
1352 3883
5492 3884
742 3885
2240 3886
4256 3887
1920 3888
1078 3889
331 3890
2074 3891
2855 3892
5013 3893
1026 3894
1687 3895
3286 3896
2565 3897
5180 3898
3771 3899
3683 3900
5905 3901
3520 3902
123 3903
1114 3904
4398 3905
5797 3906
1057 3907
2584 3908
770 3909
3897 3910
4213 3911
2555 3912
5032 3913
6012 3914
2452 3915
5252 3916
2834 3917
60 3918
961 3919
2490 3920
3128 3921
3353 3922
3471 3923
2613 3924
3867 3925
4810 3926
5751 3927
3313 3928
2360 3929
4127 3930
2433 3931
4985 3932
3001 3933
4347 3934
2108 3935
3948 3936
2277 3937
2332 3938
1186 3939
3147 3940
4076 3941
2582 3942
1151 3943
1263 3944
2977 3945
5908 3946
5868 3947
5934 3948
70 3949
205 3950
2515 3951
3229 3952
4784 3953
1797 3954
2079 3955
1465 3956
3980 3957
1734 3958
3639 3959
3099 3960
4625 3961
1579 3962
2084 3963
1141 3964
4779 3965
2605 3966
2904 3967
513 3968
57 3969
3244 3970
5020 3971
3461 3972
5312 3973
1521 3974
3459 3975
3647 3976
2958 3977
2541 3978
3362 3979
5497 3980
4091 3981
2929 3982
4643 3983
406 3984
2056 3985
4899 3986
2354 3987
3606 3988
4136 3989
5626 3990
2500 3991
2403 3992
537 3993
1342 3994
2987 3995
3705 3996
1230 3997
1609 3998
1397 3999
2803 4000
5132 4001
3146 4002
2377 4003
4101 4004
1607 4005
5137 4006
522 4007
2481 4008
2065 4009
4265 4010
2357 4011
822 4012
4847 4013
4045 4014
4532 4015
5991 4016
2553 4017
606 4018
1418 4019
222 4020
1532 4021
2817 4022
5437 4023
4804 4024
3807 4025
2181 4026
1435 4027
4651 4028
4752 4029
5925 4030
4353 4031
4221 4032
2132 4033
1135 4034
3527 4035
1796 4036
1087 4037
3979 4038
4466 4039
462 4040
4166 4041
355 4042
5950 4043
3868 4044
1744 4045
826 4046
1212 4047
4534 4048
2524 4049
5278 4050
1555 4051
1910 4052
1562 4053
2335 4054
3546 4055
4510 4056
5757 4057
4578 4058
2267 4059
4308 4060
2569 4061
4678 4062
4468 4063
2230 4064
4537 4065
307 4066
290 4067
2044 4068
1673 4069
5031 4070
1033 4071
3011 4072
968 4073
3274 4074
4348 4075
3132 4076
1907 4077
1547 4078
4381 4079
4024 4080
2631 4081
2366 4082
3291 4083
982 4084
4762 4085
2621 4086
2242 4087
3201 4088
4647 4089
3692 4090
5904 4091
5886 4092
1476 4093
4156 4094
1706 4095
5257 4096
907 4097
725 4098
3337 4099
3785 4100
1719 4101
4027 4102
4712 4103
1265 4104
2849 4105
5955 4106
4821 4107
941 4108
3731 4109
5146 4110
721 4111
1221 4112
4171 4113
5769 4114
330 4115
2895 4116
4229 4117
892 4118
2243 4119
335 4120
4165 4121
5463 4122
180 4123
453 4124
5313 4125
679 4126
85 4127
3120 4128
13 4129
3716 4130
3682 4131
305 4132
2542 4133
49 4134
404 4135
844 4136
1255 4137
2851 4138
5247 4139
1832 4140
5858 4141
5602 4142
421 4143
2088 4144
2815 4145
5591 4146
5831 4147
4982 4148
1433 4149
772 4150
2235 4151
3992 4152
468 4153
986 4154
3602 4155
4207 4156
4621 4157
3963 4158
3684 4159
710 4160
5387 4161
3919 4162
5679 4163
5994 4164
5101 4165
1829 4166
2309 4167
4495 4168
3007 4169
2713 4170
2487 4171
4006 4172
5719 4173
2523 4174
5433 4175
5430 4176
5448 4177
3138 4178
4900 4179
5667 4180
1171 4181
3801 4182
5294 4183
5590 4184
2915 4185
3023 4186
4313 4187
878 4188
2251 4189
1245 4190
1508 4191
5722 4192
375 4193
4450 4194
4476 4195
1371 4196
1455 4197
64 4198
3566 4199
3038 4200
5697 4201
3501 4202
1201 4203
3140 4204
5867 4205
3595 4206
5141 4207
5371 4208
887 4209
3114 4210
3829 4211
2898 4212
2948 4213
791 4214
2798 4215
5624 4216
4640 4217
2739 4218
143 4219
187 4220
5915 4221
1702 4222
4773 4223
698 4224
1984 4225
4211 4226
3643 4227
1646 4228
3458 4229
2340 4230
856 4231
303 4232
1270 4233
3295 4234
4412 4235
490 4236
5322 4237
3289 4238
4267 4239
5856 4240
5144 4241
3904 4242
1512 4243
1764 4244
2516 4245
5381 4246
5468 4247
1227 4248
3014 4249
4564 4250
5495 4251
4130 4252
2677 4253
5452 4254
2212 4255
2430 4256
2820 4257
2580 4258
2215 4259
5758 4260
1954 4261
2926 4262
3811 4263
4638 4264
5095 4265
2089 4266
20 4267
3973 4268
2856 4269
4498 4270
94 4271
1582 4272
3441 4273
5539 4274
1281 4275
3400 4276
1464 4277
2754 4278
2761 4279
2506 4280
4684 4281
1493 4282
177 4283
3916 4284
3658 4285
4293 4286
4630 4287
5865 4288
530 4289
1769 4290
2301 4291
5439 4292
1392 4293
4061 4294
3464 4295
2969 4296
1304 4297
3557 4298
4542 4299
5752 4300
3142 4301
2018 4302
5234 4303
5007 4304
612 4305
107 4306
5828 4307
3845 4308
568 4309
5835 4310
4251 4311
2129 4312
4224 4313
728 4314
3379 4315
1895 4316
1554 4317
2008 4318
803 4319
2528 4320
1250 4321
4394 4322
4933 4323
1955 4324
5449 4325
5401 4326
735 4327
3387 4328
655 4329
670 4330
1163 4331
2211 4332
5162 4333
1696 4334
3355 4335
1034 4336
3052 4337
4588 4338
3889 4339
2411 4340
4911 4341
4557 4342
4231 4343
3048 4344
1900 4345
5577 4346
5235 4347
583 4348
3971 4349
4853 4350
5453 4351
1318 4352
3170 4353
2165 4354
3667 4355
1645 4356
1904 4357
5795 4358
52 4359
1971 4360
4998 4361
4103 4362
1130 4363
2740 4364
2096 4365
4056 4366
4031 4367
2796 4368
2249 4369
4794 4370
591 4371
4648 4372
1192 4373
5637 4374
4482 4375
914 4376
3727 4377
2619 4378
396 4379
4108 4380
3219 4381
4895 4382
414 4383
3783 4384
5967 4385
4162 4386
4040 4387
2876 4388
2085 4389
1771 4390
4155 4391
3234 4392
1319 4393
384 4394
5566 4395
1316 4396
5563 4397
924 4398
4758 4399
4942 4400
5254 4401
2398 4402
3258 4403
2626 4404
1817 4405
3974 4406
2359 4407
2562 4408
446 4409
5570 4410
5970 4411
3863 4412
4980 4413
298 4414
4260 4415
5987 4416
292 4417
4792 4418
1814 4419
3490 4420
3504 4421
4962 4422
2341 4423
3384 4424
3651 4425
217 4426
3500 4427
3071 4428
128 4429
963 4430
1869 4431
391 4432
561 4433
540 4434
1133 4435
5190 4436
4761 4437
3196 4438
4547 4439
1062 4440
3390 4441
1053 4442
571 4443
4249 4444
1360 4445
5635 4446
1561 4447
2454 4448
4827 4449
4235 4450
1516 4451
5041 4452
6035 4453
1985 4454
763 4455
2939 4456
413 4457
2120 4458
1321 4459
5001 4460
1487 4461
5623 4462
4581 4463
2086 4464
2601 4465
4706 4466
3223 4467
2844 4468
2307 4469
1042 4470
2256 4471
5589 4472
2295 4473
2662 4474
124 4475
5894 4476
4352 4477
5481 4478
4876 4479
5086 4480
5964 4481
6022 4482
3467 4483
3325 4484
5846 4485
5394 4486
5586 4487
4202 4488
5104 4489
4513 4490
6004 4491
4204 4492
4969 4493
712 4494
2112 4495
2660 4496
2131 4497
2606 4498
1808 4499
1249 4500
2161 4501
2299 4502
5123 4503
5029 4504
4294 4505
4296 4506
4423 4507
4418 4508
5338 4509
4310 4510
595 4511
2829 4512
5345 4513
5895 4514
1187 4515
1613 4516
1969 4517
3439 4518
1373 4519
1470 4520
1038 4521
5777 4522
4870 4523
532 4524
5106 4525
5209 4526
819 4527
347 4528
2399 4529
4402 4530
5649 4531
4886 4532
3049 4533
269 4534
4124 4535
5548 4536
4849 4537
2664 4538
3968 4539
5733 4540
17 4541
589 4542
3577 4543
2221 4544
67 4545
1184 4546
4268 4547
3842 4548
157 4549
4505 4550
2046 4551
4858 4552
1968 4553
457 4554
3084 4555
3750 4556
1791 4557
717 4558
2706 4559
3925 4560
4730 4561
4560 4562
4742 4563
2927 4564
3045 4565
4617 4566
2519 4567
2896 4568
2473 4569
4838 4570
5422 4571
3495 4572
5424 4573
3008 4574
3717 4575
632 4576
3415 4577
833 4578
1898 4579
2224 4580
5947 4581
4419 4582
4322 4583
4405 4584
3094 4585
2097 4586
1483 4587
3154 4588
1786 4589
5346 4590
1403 4591
2203 4592
2329 4593
5011 4594
132 4595
4927 4596
3409 4597
5062 4598
5805 4599
4443 4600
508 4601
4623 4602
4049 4603
1691 4604
4399 4605
5662 4606
5408 4607
312 4608
5508 4609
5587 4610
3222 4611
1966 4612
136 4613
6031 4614
5109 4615
5608 4616
228 4617
1224 4618
6000 4619
5877 4620
4903 4621
2497 4622
4987 4623
5306 4624
4173 4625
4323 4626
5239 4627
2139 4628
1647 4629
423 4630
797 4631
2978 4632
5790 4633
5458 4634
438 4635
2054 4636
807 4637
811 4638
5668 4639
5678 4640
4986 4641
3278 4642
3881 4643
5342 4644
5743 4645
4865 4646
3849 4647
4012 4648
2886 4649
992 4650
1689 4651
1287 4652
3711 4653
4226 4654
3080 4655
2376 4656
1846 4657
1257 4658
4244 4659
1695 4660
2127 4661
622 4662
435 4663
2810 4664
5393 4665
372 4666
5701 4667
142 4668
4469 4669
1254 4670
825 4671
5443 4672
1453 4673
3338 4674
4890 4675
344 4676
3022 4677
1462 4678
3656 4679
5440 4680
874 4681
238 4682
1671 4683
5072 4684
3443 4685
3941 4686
921 4687
5985 4688
5938 4689
626 4690
2078 4691
5344 4692
3402 4693
5010 4694
4185 4695
4263 4696
5574 4697
69 4698
900 4699
5024 4700
923 4701
5504 4702
461 4703
5834 4704
352 4705
5258 4706
1361 4707
3608 4708
4864 4709
4681 4710
4304 4711
4935 4712
5301 4713
5399 4714
5996 4715
1294 4716
2059 4717
3191 4718
4665 4719
1676 4720
470 4721
0 4722
4496 4723
3482 4724
3241 4725
4663 4726
1685 4727
311 4728
4866 4729
4305 4730
1118 4731
5880 4732
838 4733
3536 4734
3761 4735
759 4736
2280 4737
2040 4738
689 4739
5561 4740
2585 4741
6009 4742
5696 4743
5796 4744
3899 4745
2946 4746
2514 4747
5147 4748
3423 4749
349 4750
805 4751
5465 4752
4188 4753
5854 4754
5998 4755
5303 4756
2891 4757
2060 4758
669 4759
5774 4760
2031 4761
1039 4762
2231 4763
2232 4764
5912 4765
4489 4766
3055 4767
3090 4768
2972 4769
4724 4770
1523 4771
891 4772
560 4773
753 4774
5596 4775
3050 4776
4299 4777
5373 4778
1515 4779
4535 4780
3017 4781
5233 4782
3440 4783
2461 4784
3576 4785
5670 4786
2908 4787
3341 4788
5794 4789
4979 4790
1931 4791
3616 4792
5145 4793
5509 4794
5864 4795
4106 4796
5068 4797
1605 4798
3060 4799
1525 4800
2674 4801
2276 4802
5726 4803
5384 4804
1595 4805
4190 4806
4350 4807
985 4808
392 4809
5454 4810
5023 4811
4834 4812
5368 4813
2319 4814
4470 4815
2153 4816
4167 4817
4121 4818
4816 4819
5498 4820
5421 4821
2653 4822
3175 4823
5369 4824
2353 4825
5419 4826
5717 4827
5569 4828
4666 4829
587 4830
2028 4831
2305 4832
2420 4833
2714 4834
1150 4835
5157 4836
2690 4837
3 4838
401 4839
1144 4840
5019 4841
3029 4842
901 4843
5753 4844
272 4845
2039 4846
5749 4847
5746 4848
215 4849
5714 4850
2732 4851
3489 4852
2491 4853
3922 4854
3116 4855
2955 4856
830 4857
5434 4858
5389 4859
3111 4860
1743 4861
3033 4862
3180 4863
4316 4864
3483 4865
3470 4866
1883 4867
4713 4868
51 4869
4951 4870
2699 4871
4309 4872
2383 4873
3330 4874
4652 4875
5090 4876
3871 4877
2646 4878
2183 4879
2253 4880
1427 4881
2694 4882
3878 4883
2082 4884
5830 4885
328 4886
4361 4887
5005 4888
823 4889
692 4890
3317 4891
4147 4892
5522 4893
557 4894
1020 4895
4140 4896
2887 4897
2983 4898
1367 4899
1430 4900
3044 4901
4791 4902
3538 4903
1849 4904
3955 4905
5045 4906
5478 4907
204 4908
3629 4909
4741 4910
5357 4911
1753 4912
3233 4913
4668 4914
1818 4915
4071 4916
4835 4917
5328 4918
1024 4919
2910 4920
4015 4921
1681 4922
1592 4923
1377 4924
316 4925
5716 4926
3834 4927
139 4928
633 4929
682 4930
1993 4931
5298 4932
131 4933
4705 4934
5836 4935
1344 4936
3419 4937
1570 4938
5772 4939
1680 4940
2658 4941
1357 4942
2680 4943
2532 4944
4708 4945
2791 4946
1815 4947
1787 4948
3333 4949
3347 4950
3095 4951
4738 4952
784 4953
890 4954
428 4955
4250 4956
4422 4957
2906 4958
1111 4959
3767 4960
5952 4961
4396 4962
317 4963
1519 4964
2571 4965
1100 4966
3016 4967
667 4968
2529 4969
3828 4970
3245 4971
5748 4972
2889 4973
2285 4974
5825 4975
951 4976
1887 4977
4123 4978
4058 4979
4169 4980
526 4981
4671 4982
4458 4983
5540 4984
839 4985
1530 4986
4326 4987
5030 4988
6027 4989
509 4990
4745 4991
1735 4992
3426 4993
4343 4994
4754 4995
3326 4996
4989 4997
4079 4998
4679 4999
5484 5000
4808 5001
5968 5002
242 5003
5547 5004
4946 5005
3787 5006
2290 5007
5116 5008
263 5009
4182 5010
4541 5011
5618 5012
2897 5013
2645 5014
5528 5015
3394 5016
5237 5017
1748 5018
3903 5019
4641 5020
1233 5021
3560 5022
39 5023
475 5024
1248 5025
5597 5026
5700 5027
5734 5028
1957 5029
4627 5030
4157 5031
3097 5032
2704 5033
5074 5034
1489 5035
4921 5036
5309 5037
750 5038
3431 5039
105 5040
715 5041
3405 5042
3686 5043
2123 5044
4692 5045
5533 5046
3622 5047
636 5048
4558 5049
1002 5050
1110 5051
1995 5052
2271 5053
1608 5054
4892 5055
2270 5056
1155 5057
2936 5058
3552 5059
2632 5060
4751 5061
1650 5062
5801 5063
3210 5064
3373 5065
1084 5066
474 5067
498 5068
566 5069
3089 5070
1356 5071
5819 5072
5707 5073
2771 5074
4525 5075
2010 5076
3002 5077
5929 5078
547 5079
8 5080
3127 5081
3864 5082
4797 5083
5332 5084
3339 5085
3786 5086
4924 5087
3486 5088
3810 5089
1914 5090
1018 5091
5730 5092
5366 5093
5893 5094
3970 5095
3859 5096
4565 5097
3107 5098
2620 5099
3708 5100
645 5101
1415 5102
2013 5103
688 5104
983 5105
5605 5106
3636 5107
4242 5108
4295 5109
318 5110
4082 5111
3195 5112
5467 5113
5655 5114
3986 5115
5761 5116
1095 5117
3749 5118
2456 5119
1059 5120
733 5121
3926 5122
3788 5123
45 5124
5107 5125
4198 5126
2550 5127
2480 5128
5286 5129
4277 5130
4971 5131
5205 5132
5659 5133
2604 5134
1698 5135
5923 5136
4339 5137
5720 5138
1856 5139
4087 5140
262 5141
2002 5142
1423 5143
1017 5144
614 5145
2350 5146
5379 5147
1335 5148
2763 5149
1497 5150
1988 5151
3277 5152
1686 5153
1678 5154
5199 5155
1443 5156
4096 5157
1441 5158
4488 5159
4278 5160
1269 5161
4038 5162
850 5163
3564 5164
5259 5165
5981 5166
1776 5167
3855 5168
1623 5169
4102 5170
1315 5171
5479 5172
1282 5173
2075 5174
2465 5175
4342 5176
2338 5177
3096 5178
270 5179
2676 5180
4324 5181
5692 5182
5348 5183
1705 5184
5402 5185
2037 5186
1624 5187
5053 5188
5243 5189
576 5190
2172 5191
1510 5192
3752 5193
2343 5194
638 5195
3003 5196
5666 5197
5014 5198
5852 5199
4377 5200
1073 5201
5288 5202
4429 5203
4967 5204
2284 5205
5863 5206
2574 5207
3374 5208
929 5209
4563 5210
5636 5211
2047 5212
4328 5213
5038 5214
5779 5215
2865 5216
1711 5217
5325 5218
5377 5219
1336 5220
2050 5221
3806 5222
2448 5223
5476 5224
2819 5225
5641 5226
480 5227
3404 5228
5921 5229
1724 5230
5012 5231
5158 5232
4948 5233
1391 5234
1693 5235
3836 5236
3215 5237
3261 5238
4909 5239
1549 5240
3699 5241
3047 5242
5491 5243
2042 5244
2743 5245
5903 5246
938 5247
1037 5248
2595 5249
3252 5250
4893 5251
1826 5252
3759 5253
4273 5254
686 5255
2296 5256
3961 5257
5876 5258
5405 5259
5661 5260
3703 5261
3831 5262
3437 5263
979 5264
3539 5265
253 5266
1252 5267
5902 5268
549 5269
6014 5270
943 5271
1083 5272
4210 5273
254 5274
5391 5275
3545 5276
2921 5277
393 5278
2485 5279
5152 5280
3741 5281
5892 5282
2845 5283
221 5284
3408 5285
4518 5286
382 5287
2188 5288
3755 5289
2413 5290
5916 5291
5788 5292
5165 5293
3488 5294
2033 5295
3058 5296
2345 5297
48 5298
2846 5299
102 5300
4662 5301
1922 5302
1145 5303
671 5304
2756 5305
329 5306
4257 5307
1374 5308
5715 5309
5556 5310
3772 5311
4696 5312
325 5313
4961 5314
4825 5315
95 5316
515 5317
802 5318
3282 5319
1901 5320
2808 5321
1235 5322
1021 5323
3315 5324
2801 5325
1446 5326
581 5327
2973 5328
2248 5329
176 5330
2744 5331
4654 5332
323 5333
2988 5334
5407 5335
3087 5336
2573 5337
3680 5338
5069 5339
351 5340
4670 5341
3729 5342
3091 5343
4963 5344
5179 5345
539 5346
2401 5347
100 5348
5103 5349
5172 5350
3109 5351
4280 5352
6039 5353
597 5354
3987 5355
79 5356
1244 5357
4589 5358
5352 5359
3507 5360
5483 5361
801 5362
1296 5363
6037 5364
3368 5365
4937 5366
477 5367
607 5368
2893 5369
5413 5370
4817 5371
1436 5372
2508 5373
3301 5374
5513 5375
4579 5376
2708 5377
3738 5378
5070 5379
2291 5380
3262 5381
4014 5382
417 5383
1496 5384
2324 5385
5466 5386
2661 5387
3041 5388
3735 5389
4336 5390
2185 5391
1349 5392
5380 5393
5677 5394
4504 5395
2546 5396
4829 5397
1408 5398
1478 5399
227 5400
5600 5401
1656 5402
370 5403
2592 5404
3042 5405
1190 5406
1723 5407
3555 5408
1345 5409
240 5410
5356 5411
3494 5412
2989 5413
5208 5414
1807 5415
2720 5416
5798 5417
1066 5418
2671 5419
1179 5420
5486 5421
3551 5422
4874 5423
3998 5424
5632 5425
4655 5426
873 5427
2187 5428
5910 5429
2351 5430
3981 5431
3964 5432
3070 5433
592 5434
4338 5435
2540 5436
3188 5437
4521 5438
1801 5439
1505 5440
1090 5441
580 5442
2702 5443
4950 5444
2154 5445
896 5446
2877 5447
2636 5448
5065 5449
302 5450
3896 5451
2093 5452
5134 5453
5178 5454
4803 5455
2831 5456
1590 5457
3723 5458
442 5459
5644 5460
4357 5461
1779 5462
1506 5463
2788 5464
2778 5465
492 5466
4585 5467
3621 5468
2312 5469
1889 5470
1028 5471
2288 5472
3609 5473
1310 5474
2262 5475
5613 5476
3235 5477
22 5478
3019 5479
4047 5480
965 5481
5731 5482
3924 5483
4125 5484
2191 5485
5003 5486
2871 5487
5842 5488
5580 5489
5269 5490
2827 5491
5264 5492
4367 5493
5 5494
199 5495
2194 5496
2459 5497
4407 5498
773 5499
245 5500
426 5501
1288 5502
5536 5503
3558 5504
2469 5505
3106 5506
5920 5507
3457 5508
68 5509
403 5510
4602 5511
3027 5512
2583 5513
109 5514
5694 5515
4192 5516
3208 5517
970 5518
628 5519
2006 5520
2578 5521
5693 5522
1146 5523
2952 5524
5999 5525
4642 5526
484 5527
2210 5528
4487 5529
917 5530
1614 5531
1844 5532
1458 5533
149 5534
2521 5535
5619 5536
4197 5537
1365 5538
3177 5539
5607 5540
1449 5541
5071 5542
4472 5543
4609 5544
5685 5545
74 5546
163 5547
2503 5548
3153 5549
5918 5550
2113 5551
2071 5552
3691 5553
2805 5554
4237 5555
5754 5556
851 5557
3508 5558
4021 5559
1271 5560
2279 5561
4372 5562
2427 5563
2015 5564
2745 5565
1524 5566
736 5567
4275 5568
3839 5569
3367 5570
5245 5571
1682 5572
2219 5573
2775 5574
2472 5575
995 5576
945 5577
3305 5578
5657 5579
2852 5580
10 5581
3247 5582
4193 5583
3194 5584
4633 5585
718 5586
3377 5587
164 5588
5388 5589
2023 5590
2293 5591
4548 5592
4728 5593
59 5594
3574 5595
1006 5596
4917 5597
703 5598
5201 5599
5236 5600
71 5601
4368 5602
2177 5603
4760 5604
4595 5605
928 5606
3908 5607
5598 5608
3369 5609
494 5610
705 5611
4168 5612
2554 5613
5395 5614
4872 5615
4790 5616
5671 5617
1773 5618
1520 5619
1998 5620
5100 5621
1366 5622
3994 5623
4042 5624
5188 5625
1621 5626
997 5627
3852 5628
1372 5629
5665 5630
4406 5631
1558 5632
3697 5633
2126 5634
4983 5635
5140 5636
5406 5637
3799 5638
3434 5639
5383 5640
1805 5641
775 5642
2841 5643
4526 5644
333 5645
2773 5646
1992 5647
1460 5648
1989 5649
974 5650
5049 5651
1172 5652
3588 5653
1262 5654
2679 5655
2027 5656
395 5657
6033 5658
4697 5659
5723 5660
4531 5661
4952 5662
2638 5663
505 5664
1202 5665
5447 5666
1684 5667
3205 5668
2563 5669
122 5670
5943 5671
5396 5672
3734 5673
1060 5674
3477 5675
3375 5676
1383 5677
1276 5678
3891 5679
594 5680
913 5681
3744 5682
5765 5683
2176 5684
1044 5685
5459 5686
933 5687
469 5688
3113 5689
2995 5690
1290 5691
3028 5692
2656 5693
3523 5694
3092 5695
952 5696
400 5697
5954 5698
3848 5699
224 5700
3976 5701
2556 5702
4478 5703
2685 5704
2922 5705
1283 5706
629 5707
3185 5708
4940 5709
267 5710
3057 5711
4787 5712
1075 5713
5811 5714
1790 5715
1629 5716
6032 5717
2780 5718
4494 5719
4150 5720
2346 5721
3104 5722
4497 5723
4215 5724
233 5725
1009 5726
4499 5727
5817 5728
4179 5729
3617 5730
4069 5731
3877 5732
1401 5733
5296 5734
2649 5735
5073 5736
5935 5737
1610 5738
2866 5739
1305 5740
1259 5741
2885 5742
4360 5743
4416 5744
5326 5745
3248 5746
3890 5747
336 5748
3503 5749
5490 5750
930 5751
5428 5752
1890 5753
491 5754
3067 5755
625 5756
2960 5757
3522 5758
1050 5759
3652 5760
1314 5761
2237 5762
2417 5763
754 5764
4981 5765
2025 5766
4509 5767
2772 5768
447 5769
5121 5770
4302 5771
3051 5772
704 5773
920 5774
493 5775
962 5776
762 5777
4134 5778
1223 5779
489 5780
5242 5781
386 5782
3751 5783
536 5784
4028 5785
3918 5786
1027 5787
609 5788
663 5789
672 5790
1456 5791
1946 5792
4050 5793
5648 5794
1067 5795
3996 5796
675 5797
3218 5798
4392 5799
552 5800
4020 5801
5755 5802
3770 5803
5889 5804
2083 5805
194 5806
5493 5807
5680 5808
2986 5809
5523 5810
1649 5811
83 5812
1655 5813
2753 5814
425 5815
306 5816
3610 5817
2051 5818
3822 5819
3914 5820
4266 5821
1842 5822
1176 5823
1722 5824
1936 5825
4013 5826
1709 5827
1573 5828
4271 5829
301 5830
3953 5831
1414 5832
4763 5833
3031 5834
18 5835
4845 5836
3518 5837
1046 5838
1424 5839
1429 5840
363 5841
1757 5842
783 5843
711 5844
2122 5845
5052 5846
3962 5847
3118 5848
495 5849
4549 5850
3599 5851
1 5852
502 5853
2450 5854
2114 5855
3511 5856
5372 5857
4598 5858
5975 5859
5768 5860
511 5861
729 5862
1660 5863
2593 5864
578 5865
154 5866
1725 5867
3021 5868
1369 5869
1099 5870
4649 5871
3346 5872
1865 5873
5067 5874
3669 5875
4282 5876
3870 5877
6007 5878
5142 5879
1944 5880
141 5881
5782 5882
3713 5883
792 5884
4158 5885
5289 5886
1864 5887
3323 5888
5200 5889
2355 5890
2218 5891
1542 5892
1422 5893
2942 5894
2286 5895
5972 5896
1121 5897
3492 5898
1717 5899
3930 5900
2090 5901
5592 5902
732 5903
4051 5904
2777 5905
1639 5906
745 5907
3077 5908
5374 5909
4349 5910
1767 5911
5149 5912
1823 5913
1393 5914
3321 5915
1970 5916
574 5917
5058 5918
4539 5919
4030 5920
4090 5921
5762 5922
202 5923
1486 5924
4331 5925
3307 5926
4053 5927
4159 5928
3883 5929
1080 5930
4629 5931
1583 5932
2164 5933
1297 5934
5442 5935
1421 5936
5571 5937
4272 5938
247 5939
658 5940
4798 5941
5615 5942
3825 5943
2166 5944
1551 5945
2073 5946
5382 5947
1331 5948
2954 5949
3894 5950
644 5951
3152 5952
5392 5953
3817 5954
1096 5955
5826 5956
6001 5957
377 5958
3165 5959
815 5960
4826 5961
5304 5962
4420 5963
2828 5964
1091 5965
866 5966
3065 5967
216 5968
1980 5969
5581 5970
5584 5971
1539 5972
4060 5973
5855 5974
2048 5975
683 5976
2615 5977
2717 5978
4920 5979
1556 5980
1088 5981
5617 5982
2476 5983
2443 5984
3300 5985
3285 5986
4262 5987
5078 5988
912 5989
4583 5990
1375 5991
4923 5992
296 5993
5417 5994
211 5995
2647 5996
3025 5997
605 5998
4973 5999
1886 6000
1325 6001
3214 6002
2811 6003
3171 6004
1082 6005
2208 6006
3207 6007
2719 6008
1750 6009
2148 6010
322 6011
4687 6012
1242 6013
3276 6014
1394 6015
4843 6016
1875 6017
1113 6018
4837 6019
3324 6020
886 6021
2072 6022
991 6023
2549 6024
2902 6025
1226 6026
3704 6027
1745 6028
4770 6029
3013 6030
4017 6031
3155 6032
2124 6033
3654 6034
4433 6035
4582 6036
1841 6037
1209 6038
4831 6039
