org_id remap_id
3783 0
1705 1
5086 2
1177 3
1855 4
2280 5
3139 6
727 7
4430 8
1115 9
5905 10
2613 11
3619 12
3607 13
1061 14
5031 15
3239 16
3464 17
3501 18
4054 19
558 20
3194 21
2478 22
930 23
5019 24
2626 25
4049 26
4283 27
2084 28
5491 29
94 30
4314 31
1035 32
5281 33
921 34
4739 35
4640 36
2348 37
2168 38
3760 39
2449 40
2705 41
473 42
4544 43
5132 44
4139 45
4789 46
2286 47
4375 48
1914 49
3339 50
1246 51
5307 52
2763 53
625 54
2111 55
2704 56
3558 57
4720 58
3211 59
1576 60
5677 61
3020 62
3914 63
4510 64
1643 65
4257 66
5459 67
3330 68
5465 69
5440 70
3710 71
5598 72
2112 73
3716 74
5742 75
5023 76
344 77
4633 78
422 79
5687 80
4790 81
5382 82
510 83
6016 84
4300 85
4230 86
5535 87
2350 88
899 89
2469 90
62 91
371 92
771 93
4174 94
5191 95
3253 96
5646 97
943 98
3537 99
2666 100
3368 101
1605 102
1437 103
4334 104
5872 105
5503 106
1005 107
4819 108
1803 109
5282 110
237 111
5476 112
4232 113
4521 114
4251 115
316 116
3270 117
1997 118
114 119
2166 120
608 121
691 122
4991 123
1912 124
5237 125
1133 126
1330 127
1959 128
3189 129
4913 130
5213 131
4073 132
2783 133
2957 134
2989 135
2737 136
4898 137
1377 138
4895 139
5417 140
5881 141
2086 142
544 143
2423 144
1622 145
2568 146
78 147
2426 148
4647 149
3231 150
2194 151
5338 152
2324 153
3575 154
41 155
2096 156
2158 157
2138 158
3426 159
4540 160
3470 161
4728 162
5549 163
4386 164
1132 165
2224 166
5008 167
4203 168
1463 169
4542 170
4491 171
3632 172
1928 173
3988 174
4237 175
3282 176
4080 177
4107 178
1303 179
872 180
3530 181
1749 182
1600 183
3858 184
4710 185
3774 186
236 187
1191 188
2975 189
3794 190
1016 191
1142 192
3589 193
2140 194
394 195
2442 196
5545 197
1821 198
3717 199
3433 200
470 201
3569 202
1837 203
4056 204
2764 205
718 206
1594 207
2362 208
4423 209
451 210
5657 211
673 212
5507 213
2604 214
3835 215
434 216
1442 217
5509 218
5140 219
3891 220
1682 221
3675 222
1644 223
1474 224
627 225
2619 226
5722 227
4032 228
2072 229
1842 230
5054 231
2747 232
881 233
4495 234
5394 235
1234 236
2410 237
4871 238
4110 239
3644 240
5037 241
1098 242
3242 243
5175 244
1611 245
361 246
766 247
3438 248
3506 249
2363 250
5668 251
5356 252
4446 253
2392 254
5997 255
4846 256
2563 257
3257 258
5325 259
3593 260
1781 261
925 262
15 263
2011 264
801 265
1546 266
3185 267
3829 268
1872 269
425 270
4484 271
198 272
1662 273
5621 274
4638 275
990 276
4001 277
871 278
5808 279
1748 280
2314 281
488 282
1127 283
1497 284
2659 285
5691 286
1656 287
4121 288
1375 289
2700 290
2113 291
2437 292
4348 293
1124 294
3073 295
246 296
2597 297
5825 298
1373 299
1619 300
4381 301
5260 302
4382 303
4328 304
3188 305
5613 306
3736 307
4440 308
2153 309
2094 310
835 311
4394 312
5686 313
39 314
2480 315
3902 316
5501 317
3083 318
5893 319
1544 320
1135 321
105 322
1419 323
352 324
539 325
3766 326
5142 327
5865 328
968 329
1523 330
4130 331
4159 332
1053 333
1143 334
5373 335
4362 336
667 337
2535 338
5479 339
3222 340
5069 341
883 342
5921 343
707 344
1964 345
2468 346
657 347
537 348
1686 349
193 350
1653 351
2612 352
4593 353
2023 354
4763 355
3471 356
2354 357
5474 358
2635 359
1077 360
3380 361
4818 362
1229 363
2741 364
4255 365
4996 366
1117 367
3828 368
760 369
1049 370
3198 371
5934 372
538 373
2123 374
2993 375
2471 376
5177 377
2768 378
5792 379
5898 380
834 381
4891 382
2648 383
648 384
5868 385
3422 386
2134 387
1454 388
5125 389
4611 390
3325 391
1581 392
839 393
1032 394
171 395
5315 396
3056 397
3165 398
1585 399
3125 400
2709 401
1710 402
1638 403
3776 404
416 405
4959 406
1020 407
5323 408
1423 409
5333 410
3692 411
2804 412
782 413
784 414
3159 415
2341 416
1263 417
5946 418
1255 419
5227 420
1573 421
1535 422
2077 423
365 424
5684 425
1998 426
6032 427
4860 428
1202 429
1696 430
4215 431
2726 432
3255 433
2553 434
3286 435
550 436
1006 437
443 438
4867 439
2395 440
1087 441
773 442
2281 443
5536 444
5432 445
3629 446
313 447
4759 448
5423 449
897 450
4062 451
499 452
5637 453
922 454
4093 455
4327 456
5999 457
2114 458
816 459
4987 460
790 461
1382 462
1617 463
5979 464
5670 465
1718 466
3698 467
913 468
3365 469
2661 470
1590 471
911 472
5775 473
2817 474
5075 475
3934 476
4682 477
4020 478
2269 479
4781 480
5973 481
1684 482
4839 483
407 484
3356 485
5589 486
4037 487
2353 488
1089 489
1453 490
3019 491
202 492
5992 493
2660 494
900 495
4278 496
5805 497
206 498
240 499
2315 500
4055 501
1813 502
2985 503
967 504
2572 505
4979 506
2302 507
4700 508
1871 509
1150 510
581 511
2300 512
4506 513
4865 514
2839 515
2073 516
4693 517
4675 518
5529 519
6 520
4428 521
4531 522
831 523
4556 524
4596 525
1126 526
3861 527
4353 528
5292 529
2343 530
1308 531
2462 532
5773 533
2996 534
5853 535
230 536
2430 537
204 538
87 539
2241 540
5719 541
5233 542
560 543
5168 544
456 545
3079 546
1245 547
5763 548
3865 549
4293 550
3462 551
3251 552
3145 553
2483 554
3751 555
1361 556
5522 557
1092 558
1119 559
395 560
382 561
4445 562
4732 563
5961 564
3661 565
4340 566
1562 567
2609 568
3726 569
3456 570
4615 571
2615 572
2687 573
3691 574
1810 575
1555 576
1940 577
676 578
2124 579
5981 580
1012 581
223 582
3004 583
4946 584
5108 585
5798 586
4608 587
5198 588
2221 589
4305 590
2710 591
825 592
1771 593
1750 594
2237 595
2655 596
3275 597
3938 598
5087 599
3012 600
4273 601
3944 602
779 603
1508 604
712 605
3351 606
689 607
5217 608
5445 609
4234 610
174 611
1297 612
4102 613
4785 614
5958 615
1743 616
1982 617
5161 618
26 619
3387 620
2356 621
2629 622
1968 623
1138 624
3599 625
6009 626
3143 627
1182 628
1064 629
999 630
4 631
156 632
2273 633
5564 634
4173 635
3800 636
5072 637
1795 638
4425 639
5184 640
3489 641
5712 642
284 643
186 644
2950 645
1318 646
1478 647
2569 648
2178 649
1775 650
1160 651
3618 652
329 653
4233 654
2494 655
2779 656
4462 657
35 658
3416 659
5186 660
3028 661
1400 662
3789 663
5886 664
4893 665
343 666
92 667
1329 668
2814 669
1221 670
4443 671
4961 672
4604 673
793 674
1807 675
2888 676
1483 677
1449 678
2942 679
160 680
5425 681
4249 682
5328 683
3034 684
5286 685
3843 686
5230 687
4369 688
3556 689
5552 690
2458 691
4265 692
4038 693
1312 694
2949 695
4217 696
4686 697
4092 698
527 699
1747 700
1890 701
4346 702
4431 703
3392 704
1602 705
2717 706
3312 707
4124 708
3109 709
896 710
2028 711
5797 712
5701 713
5058 714
522 715
2321 716
3289 717
2811 718
3658 719
4216 720
1285 721
5555 722
1309 723
3773 724
2306 725
1241 726
2177 727
708 728
2125 729
5751 730
1589 731
179 732
3796 733
3415 734
5358 735
5565 736
3657 737
2218 738
765 739
3655 740
3761 741
3217 742
4084 743
2530 744
4836 745
2631 746
4426 747
2219 748
740 749
3759 750
1362 751
5174 752
4940 753
1834 754
227 755
3191 756
576 757
2537 758
1211 759
5390 760
5570 761
5713 762
6014 763
2215 764
2091 765
4295 766
4931 767
1018 768
203 769
2889 770
1228 771
656 772
3947 773
476 774
4167 775
1629 776
4803 777
4398 778
1075 779
4565 780
5728 781
4605 782
4264 783
3505 784
1214 785
4355 786
1765 787
4890 788
4271 789
2059 790
3105 791
1703 792
2294 793
4060 794
5208 795
2812 796
3016 797
4512 798
4471 799
5544 800
3826 801
5906 802
1519 803
965 804
5454 805
4651 806
597 807
3037 808
3366 809
937 810
1120 811
1326 812
1720 813
1990 814
2732 815
5158 816
133 817
1271 818
5928 819
610 820
3536 821
205 822
2133 823
993 824
444 825
4309 826
3131 827
3220 828
735 829
2718 830
3695 831
5074 832
3442 833
4373 834
5377 835
355 836
271 837
4066 838
2130 839
136 840
3609 841
3147 842
868 843
2069 844
672 845
1910 846
3611 847
3830 848
5384 849
4515 850
3400 851
2517 852
3854 853
3969 854
4947 855
4417 856
5466 857
4263 858
506 859
1349 860
1283 861
3232 862
1179 863
4485 864
3114 865
4458 866
254 867
1441 868
2157 869
2228 870
4856 871
5569 872
2372 873
2095 874
4043 875
2859 876
2245 877
2412 878
882 879
3967 880
535 881
3069 882
3666 883
2400 884
3306 885
2421 886
4501 887
2282 888
3043 889
3117 890
5196 891
213 892
3288 893
3660 894
4945 895
3035 896
4683 897
427 898
4971 899
1557 900
5131 901
3720 902
3672 903
945 904
1742 905
5134 906
153 907
3883 908
4968 909
2499 910
3985 911
55 912
4253 913
5838 914
68 915
1599 916
5424 917
2035 918
4275 919
3531 920
2235 921
5414 922
5951 923
4911 924
4267 925
669 926
916 927
1921 928
1232 929
1438 930
1626 931
3645 932
2680 933
185 934
2264 935
2226 936
5658 937
950 938
492 939
959 940
2117 941
867 942
3615 943
1922 944
1806 945
3568 946
2383 947
3494 948
3920 949
388 950
5271 951
5607 952
5779 953
5648 954
2987 955
5927 956
3777 957
5270 958
1153 959
2420 960
4467 961
5249 962
1785 963
5275 964
5261 965
1394 966
5652 967
4986 968
30 969
5117 970
5060 971
2433 972
2508 973
5236 974
3013 975
177 976
4412 977
3911 978
3447 979
347 980
1924 981
2789 982
2742 983
5202 984
4201 985
909 986
96 987
4799 988
5251 989
4518 990
5043 991
3280 992
3528 993
4875 994
4152 995
1365 996
599 997
5033 998
2688 999
5419 1000
3560 1001
3868 1002
3233 1003
2450 1004
2803 1005
3682 1006
3543 1007
2838 1008
4410 1009
5226 1010
1155 1011
4639 1012
144 1013
3137 1014
3010 1015
3507 1016
4677 1017
4980 1018
5167 1019
3345 1020
3359 1021
3816 1022
1415 1023
4861 1024
2275 1025
4338 1026
4663 1027
335 1028
61 1029
159 1030
3486 1031
778 1032
5574 1033
5434 1034
3602 1035
5901 1036
27 1037
810 1038
4081 1039
269 1040
2675 1041
4984 1042
1524 1043
859 1044
334 1045
411 1046
3514 1047
4573 1048
2744 1049
6012 1050
4198 1051
5760 1052
3316 1053
5193 1054
739 1055
5864 1056
2856 1057
3628 1058
2387 1059
4147 1060
5862 1061
4815 1062
4374 1063
3815 1064
3939 1065
4254 1066
3252 1067
2240 1068
6020 1069
4843 1070
2583 1071
4967 1072
3935 1073
5012 1074
3297 1075
540 1076
4247 1077
5103 1078
126 1079
2278 1080
1372 1081
2088 1082
1447 1083
5427 1084
3588 1085
1927 1086
1769 1087
3187 1088
5265 1089
2489 1090
375 1091
3525 1092
5837 1093
1601 1094
994 1095
2879 1096
5753 1097
494 1098
5127 1099
5526 1100
4183 1101
5480 1102
1757 1103
3032 1104
2255 1105
4731 1106
5475 1107
3106 1108
3590 1109
493 1110
28 1111
4796 1112
2540 1113
3133 1114
4218 1115
4594 1116
4520 1117
2559 1118
239 1119
3893 1120
1779 1121
2186 1122
1252 1123
592 1124
1911 1125
1846 1126
716 1127
5274 1128
5640 1129
4380 1130
4312 1131
1512 1132
5694 1133
1896 1134
3168 1135
1324 1136
3031 1137
5833 1138
5541 1139
5331 1140
3669 1141
3687 1142
1799 1143
3385 1144
2821 1145
2325 1146
4571 1147
3357 1148
99 1149
5704 1150
609 1151
4765 1152
2371 1153
2872 1154
5557 1155
5880 1156
1876 1157
1411 1158
562 1159
5206 1160
2375 1161
249 1162
4740 1163
693 1164
1827 1165
56 1166
5406 1167
1065 1168
4918 1169
3770 1170
1579 1171
2600 1172
3476 1173
5976 1174
3848 1175
5988 1176
2602 1177
618 1178
721 1179
3699 1180
505 1181
345 1182
1073 1183
5871 1184
4414 1185
1327 1186
2798 1187
5437 1188
4994 1189
4164 1190
107 1191
381 1192
2202 1193
828 1194
1140 1195
4456 1196
4432 1197
2152 1198
4557 1199
3998 1200
5499 1201
5611 1202
5592 1203
4136 1204
524 1205
3334 1206
5324 1207
857 1208
5280 1209
1756 1210
5604 1211
1445 1212
2962 1213
3511 1214
1469 1215
1166 1216
1 1217
4525 1218
552 1219
1493 1220
1649 1221
3822 1222
1328 1223
464 1224
983 1225
2051 1226
308 1227
311 1228
4225 1229
5617 1230
4654 1231
5806 1232
5038 1233
4742 1234
2342 1235
441 1236
1103 1237
4210 1238
6006 1239
333 1240
3653 1241
4098 1242
2575 1243
4033 1244
3890 1245
1055 1246
1603 1247
2702 1248
697 1249
276 1250
1475 1251
1528 1252
3135 1253
1697 1254
5632 1255
3884 1256
4474 1257
3641 1258
2574 1259
166 1260
2274 1261
5224 1262
4504 1263
3605 1264
3216 1265
1511 1266
3839 1267
4845 1268
1058 1269
2287 1270
2501 1271
4289 1272
5435 1273
2503 1274
4965 1275
1932 1276
1992 1277
3667 1278
5562 1279
3290 1280
3068 1281
2276 1282
4821 1283
5876 1284
1110 1285
5185 1286
1507 1287
3596 1288
1236 1289
4303 1290
3706 1291
2472 1292
3480 1293
2141 1294
4048 1295
1782 1296
4921 1297
2236 1298
5595 1299
1341 1300
357 1301
4184 1302
634 1303
915 1304
4668 1305
4621 1306
5515 1307
5554 1308
2357 1309
6024 1310
123 1311
5473 1312
1137 1313
5586 1314
1378 1315
598 1316
1467 1317
4578 1318
4777 1319
3081 1320
4661 1321
2961 1322
4009 1323
3107 1324
100 1325
5042 1326
1495 1327
3265 1328
340 1329
4581 1330
5489 1331
463 1332
5952 1333
3968 1334
2485 1335
2027 1336
3082 1337
273 1338
4222 1339
5924 1340
986 1341
2995 1342
496 1343
1808 1344
5602 1345
2837 1346
2972 1347
1714 1348
4689 1349
4482 1350
5443 1351
2243 1352
822 1353
3167 1354
2270 1355
5556 1356
5173 1357
4465 1358
6021 1359
467 1360
5991 1361
936 1362
1593 1363
378 1364
125 1365
3703 1366
3594 1367
2190 1368
5327 1369
2298 1370
3953 1371
4235 1372
283 1373
4339 1374
1354 1375
2925 1376
1489 1377
3518 1378
4371 1379
3647 1380
5847 1381
211 1382
5600 1383
379 1384
1393 1385
1563 1386
1165 1387
5067 1388
1790 1389
5678 1390
331 1391
2456 1392
302 1393
687 1394
1712 1395
5794 1396
2380 1397
1505 1398
4892 1399
1235 1400
2917 1401
2058 1402
3915 1403
4831 1404
5723 1405
3690 1406
4762 1407
4644 1408
1669 1409
5697 1410
5147 1411
602 1412
164 1413
2786 1414
5128 1415
0 1416
2752 1417
5625 1418
2844 1419
2154 1420
1390 1421
1194 1422
4820 1423
5817 1424
3268 1425
4492 1426
2394 1427
5672 1428
295 1429
1870 1430
3403 1431
952 1432
2260 1433
4260 1434
3390 1435
5542 1436
5506 1437
615 1438
452 1439
5159 1440
3913 1441
5948 1442
1737 1443
661 1444
4696 1445
3190 1446
519 1447
568 1448
140 1449
1220 1450
2019 1451
3824 1452
5136 1453
2447 1454
3688 1455
4090 1456
2207 1457
5458 1458
3057 1459
3606 1460
3741 1461
2906 1462
3327 1463
1889 1464
3713 1465
4118 1466
5904 1467
5464 1468
1667 1469
2787 1470
4368 1471
2994 1472
4837 1473
2413 1474
830 1475
1950 1476
127 1477
3727 1478
4798 1479
4407 1480
873 1481
4427 1482
3626 1483
2727 1484
3823 1485
526 1486
5739 1487
3352 1488
3642 1489
4493 1490
5029 1491
1843 1492
4117 1493
5180 1494
746 1495
4618 1496
1082 1497
2369 1498
1665 1499
4011 1500
1833 1501
3483 1502
5510 1503
4361 1504
907 1505
3671 1506
5354 1507
110 1508
3966 1509
339 1510
5700 1511
5933 1512
326 1513
2869 1514
583 1515
5891 1516
155 1517
1164 1518
5673 1519
523 1520
6039 1521
3900 1522
2682 1523
3704 1524
3160 1525
3162 1526
5711 1527
3087 1528
2277 1529
5188 1530
5855 1531
3007 1532
1374 1533
1407 1534
3625 1535
3881 1536
3461 1537
4517 1538
858 1539
442 1540
2547 1541
3923 1542
5259 1543
1079 1544
353 1545
5248 1546
2749 1547
5649 1548
4262 1549
2667 1550
5122 1551
3053 1552
2361 1553
1695 1554
1204 1555
3859 1556
4103 1557
2404 1558
6023 1559
3786 1560
4029 1561
5138 1562
2308 1563
5790 1564
548 1565
5329 1566
5139 1567
3085 1568
5538 1569
5045 1570
2196 1571
2200 1572
2470 1573
3578 1574
5830 1575
5238 1576
4585 1577
5796 1578
2841 1579
4744 1580
4780 1581
4333 1582
5530 1583
3493 1584
787 1585
4888 1586
957 1587
4335 1588
3510 1589
3503 1590
1405 1591
4281 1592
948 1593
5912 1594
1101 1595
3807 1596
5832 1597
1786 1598
664 1599
4570 1600
4170 1601
880 1602
4989 1603
5287 1604
5816 1605
231 1606
210 1607
4186 1608
5101 1609
1488 1610
1824 1611
3063 1612
1490 1613
4628 1614
4025 1615
5092 1616
908 1617
3026 1618
3792 1619
1727 1620
5472 1621
2340 1622
23 1623
3513 1624
756 1625
4041 1626
5766 1627
5234 1628
2983 1629
705 1630
1047 1631
794 1632
1062 1633
988 1634
437 1635
2545 1636
753 1637
3512 1638
4642 1639
5009 1640
3250 1641
5137 1642
3878 1643
3673 1644
4981 1645
3205 1646
1647 1647
2634 1648
194 1649
3260 1650
4063 1651
4775 1652
2175 1653
4416 1654
3122 1655
2174 1656
4477 1657
789 1658
2376 1659
4206 1660
4905 1661
4379 1662
4786 1663
2796 1664
3919 1665
4285 1666
1934 1667
800 1668
3991 1669
4764 1670
804 1671
1074 1672
4397 1673
3961 1674
1352 1675
1687 1676
703 1677
1853 1678
4750 1679
3033 1680
4906 1681
5812 1682
2653 1683
51 1684
176 1685
5761 1686
113 1687
4297 1688
2030 1689
4279 1690
350 1691
590 1692
1635 1693
919 1694
2110 1695
3375 1696
2945 1697
1108 1698
5025 1699
3836 1700
119 1701
233 1702
5966 1703
3370 1704
2873 1705
4028 1706
2714 1707
4078 1708
1167 1709
658 1710
5156 1711
2977 1712
4194 1713
5875 1714
1754 1715
3208 1716
168 1717
2266 1718
2753 1719
877 1720
2509 1721
1109 1722
2964 1723
3293 1724
2520 1725
4004 1726
3150 1727
5400 1728
1146 1729
1033 1730
1206 1731
4952 1732
1209 1733
4168 1734
3179 1735
4516 1736
811 1737
4951 1738
2403 1739
4937 1740
5109 1741
1262 1742
3788 1743
5829 1744
722 1745
4248 1746
1163 1747
76 1748
2686 1749
3613 1750
5084 1751
5851 1752
454 1753
5145 1754
5386 1755
2149 1756
1596 1757
3408 1758
1725 1759
3395 1760
832 1761
3136 1762
5693 1763
4481 1764
5004 1765
5963 1766
5107 1767
4725 1768
2505 1769
1339 1770
3693 1771
4941 1772
4534 1773
5917 1774
1636 1775
69 1776
5310 1777
1280 1778
1736 1779
4896 1780
5256 1781
4389 1782
4727 1783
5747 1784
172 1785
367 1786
1707 1787
2172 1788
5710 1789
2642 1790
2845 1791
4208 1792
4372 1793
2808 1794
1760 1795
797 1796
4637 1797
4376 1798
2293 1799
5803 1800
3437 1801
4737 1802
3161 1803
1670 1804
5702 1805
4021 1806
1193 1807
1088 1808
5062 1809
2928 1810
2464 1811
5910 1812
5622 1813
1178 1814
561 1815
4603 1816
1158 1817
5169 1818
1637 1819
3011 1820
2605 1821
2554 1822
130 1823
2408 1824
1476 1825
2481 1826
635 1827
4000 1828
2244 1829
5044 1830
5295 1831
4688 1832
2205 1833
1118 1834
3860 1835
3382 1836
949 1837
2029 1838
3519 1839
1481 1840
4132 1841
11 1842
5814 1843
1820 1844
557 1845
263 1846
2805 1847
310 1848
5181 1849
1029 1850
421 1851
1988 1852
3617 1853
4756 1854
3353 1855
1131 1856
1817 1857
2663 1858
4708 1859
25 1860
5152 1861
3748 1862
4473 1863
418 1864
2513 1865
1958 1866
5426 1867
1459 1868
981 1869
1356 1870
2290 1871
2689 1872
4648 1873
2625 1874
1658 1875
170 1876
5734 1877
1560 1878
905 1879
4258 1880
4730 1881
521 1882
3213 1883
3091 1884
4966 1885
2757 1886
332 1887
516 1888
4685 1889
251 1890
2136 1891
796 1892
2305 1893
4299 1894
4498 1895
5170 1896
3863 1897
4065 1898
3261 1899
4444 1900
3396 1901
1071 1902
5257 1903
5397 1904
1294 1905
1675 1906
2238 1907
559 1908
1085 1909
1040 1910
4650 1911
4229 1912
387 1913
384 1914
5056 1915
2978 1916
3579 1917
2512 1918
4156 1919
855 1920
2441 1921
2730 1922
4680 1923
3134 1924
4975 1925
3866 1926
4917 1927
2279 1928
571 1929
5081 1930
3601 1931
5854 1932
2384 1933
2735 1934
4200 1935
1845 1936
2359 1937
3271 1938
5709 1939
5197 1940
4745 1941
1527 1942
3284 1943
1389 1944
5149 1945
4676 1946
104 1947
1615 1948
628 1949
4552 1950
3076 1951
4527 1952
2828 1953
3152 1954
1651 1955
3407 1956
5795 1957
1360 1958
58 1959
2891 1960
3793 1961
1496 1962
935 1963
3747 1964
4449 1965
4220 1966
4830 1967
5021 1968
970 1969
5537 1970
2299 1971
4703 1972
4972 1973
5513 1974
75 1975
5758 1976
4814 1977
5093 1978
2656 1979
1918 1980
320 1981
906 1982
5165 1983
593 1984
2673 1985
2684 1986
5699 1987
578 1988
480 1989
4403 1990
2620 1991
3754 1992
1397 1993
5007 1994
2250 1995
1293 1996
3927 1997
4810 1998
3608 1999
5647 2000
2771 2001
2607 2002
3332 2003
1939 2004
3544 2005
851 2006
5822 2007
4354 2008
3379 2009
4453 2010
3142 2011
5788 2012
3249 2013
2938 2014
5560 2015
5903 2016
256 2017
3869 2018
432 2019
1895 2020
5449 2021
5361 2022
1319 2023
5477 2024
3014 2025
2867 2026
401 2027
3791 2028
1042 2029
243 2030
3665 2031
4606 2032
82 2033
182 2034
5252 2035
996 2036
2068 2037
3283 2038
4435 2039
2402 2040
3850 2041
2755 2042
1364 2043
2453 2044
1212 2045
359 2046
4151 2047
5376 2048
5591 2049
3990 2050
4920 2051
2258 2052
2195 2053
2009 2054
1659 2055
3061 2056
5392 2057
487 2058
4476 2059
3465 2060
4204 2061
2180 2062
4808 2063
5255 2064
1977 2065
1504 2066
2044 2067
920 2068
1185 2069
5235 2070
1334 2071
5609 2072
4847 2073
474 2074
4827 2075
5212 2076
4526 2077
4259 2078
118 2079
701 2080
3299 2081
5627 2082
5113 2083
4105 2084
1456 2085
3038 2086
1868 2087
5743 2088
2586 2089
1238 2090
4631 2091
1443 2092
5243 2093
4774 2094
4962 2095
2334 2096
4878 2097
2674 2098
3739 2099
4040 2100
690 2101
2721 2102
4995 2103
5520 2104
5922 2105
5388 2106
5885 2107
1993 2108
3945 2109
2976 2110
3420 2111
2504 2112
4197 2113
4636 2114
1691 2115
1004 2116
5090 2117
5441 2118
2890 2119
4811 2120
2693 2121
6001 2122
3650 2123
5301 2124
2831 2125
5455 2126
2518 2127
1487 2128
3821 2129
1408 2130
5003 2131
5311 2132
833 2133
1105 2134
19 2135
1340 2136
5498 2137
97 2138
1501 2139
3637 2140
5380 2141
220 2142
1402 2143
2208 2144
2109 2145
5289 2146
1291 2147
924 2148
2657 2149
307 2150
81 2151
638 2152
4030 2153
4083 2154
2596 2155
4982 2156
1566 2157
4461 2158
4879 2159
2836 2160
1404 2161
3273 2162
4343 2163
4584 2164
2640 2165
3196 2166
5721 2167
4155 2168
4272 2169
579 2170
4187 2171
1239 2172
4454 2173
3874 2174
3404 2175
3256 2176
5267 2177
813 2178
923 2179
498 2180
3810 2181
1689 2182
5882 2183
4480 2184
2335 2185
5418 2186
5606 2187
3100 2188
2143 2189
1169 2190
3488 2191
807 2192
1307 2193
4418 2194
1399 2195
1123 2196
4800 2197
4658 2198
1704 2199
2991 2200
5975 2201
1100 2202
5048 2203
4358 2204
2670 2205
3174 2206
2849 2207
1679 2208
5641 2209
3153 2210
3321 2211
1825 2212
1130 2213
1433 2214
2284 2215
1751 2216
468 2217
2055 2218
2025 2219
3940 2220
1398 2221
938 2222
1230 2223
1156 2224
5745 2225
157 2226
761 2227
4988 2228
1243 2229
4719 2230
4316 2231
1780 2232
1700 2233
942 2234
1547 2235
303 2236
4766 2237
1674 2238
4939 2239
719 2240
5399 2241
4388 2242
143 2243
1371 2244
3138 2245
1634 2246
4523 2247
45 2248
6002 2249
2323 2250
2496 2251
3965 2252
4331 2253
5478 2254
3943 2255
4643 2256
85 2257
3262 2258
321 2259
1216 2260
1733 2261
3296 2262
60 2263
2010 2264
4209 2265
281 2266
2310 2267
1056 2268
5603 2269
5884 2270
1114 2271
3614 2272
785 2273
1313 2274
222 2275
4950 2276
2328 2277
2007 2278
3997 2279
3030 2280
611 2281
2382 2282
294 2283
129 2284
3954 2285
4178 2286
4695 2287
1612 2288
823 2289
4323 2290
2234 2291
2930 2292
5724 2293
1046 2294
3146 2295
1039 2296
5749 2297
3391 2298
4956 2299
2388 2300
4438 2301
392 2302
4706 2303
2820 2304
3540 2305
1721 2306
2922 2307
3877 2308
5596 2309
5764 2310
4970 2311
1986 2312
4901 2313
4409 2314
1762 2315
1530 2316
1797 2317
4284 2318
3459 2319
447 2320
2033 2321
821 2322
4850 2323
5774 2324
2603 2325
2984 2326
1213 2327
3440 2328
5590 2329
4226 2330
4826 2331
3768 2332
5558 2333
5786 2334
5994 2335
4924 2336
1819 2337
714 2338
1597 2339
338 2340
4914 2341
5827 2342
764 2343
5755 2344
1503 2345
694 2346
286 2347
704 2348
3279 2349
3994 2350
1192 2351
1663 2352
3445 2353
5818 2354
2645 2355
3455 2356
5867 2357
5967 2358
884 2359
3897 2360
5355 2361
2898 2362
944 2363
2944 2364
5157 2365
1468 2366
1818 2367
1844 2368
4086 2369
1287 2370
3952 2371
386 2372
3598 2373
5638 2374
5874 2375
4287 2376
815 2377
720 2378
3755 2379
5517 2380
455 2381
5767 2382
3046 2383
1979 2384
2435 2385
2080 2386
2591 2387
4022 2388
2855 2389
5848 2390
5017 2391
406 2392
4008 2393
405 2394
2495 2395
3066 2396
903 2397
399 2398
2206 2399
2217 2400
3561 2401
1121 2402
874 2403
6038 2404
3616 2405
4957 2406
4614 2407
4955 2408
1045 2409
1413 2410
849 2411
4736 2412
6026 2413
462 2414
4550 2415
1880 2416
4002 2417
5204 2418
3584 2419
1355 2420
3485 2421
3921 2422
901 2423
3363 2424
4141 2425
4885 2426
5639 2427
5118 2428
187 2429
4579 2430
4797 2431
2932 2432
1203 2433
1694 2434
2853 2435
4306 2436
438 2437
4944 2438
3509 2439
2630 2440
3323 2441
1017 2442
5061 2443
364 2444
1417 2445
5525 2446
1277 2447
4791 2448
5746 2449
4270 2450
1583 2451
2882 2452
695 2453
1623 2454
3910 2455
1852 2456
1510 2457
1569 2458
3140 2459
1030 2460
1426 2461
1627 2462
1300 2463
1632 2464
1558 2465
619 2466
2259 2467
4026 2468
2734 2469
2036 2470
4588 2471
709 2472
4489 2473
1242 2474
5369 2475
489 2476
2139 2477
1776 2478
3535 2479
5367 2480
2079 2481
2885 2482
9 2483
636 2484
3880 2485
4350 2486
459 2487
2536 2488
3529 2489
5962 2490
1956 2491
3169 2492
396 2493
2076 2494
5502 2495
4690 2496
4729 2497
5291 2498
1550 2499
1882 2500
3941 2501
103 2502
5846 2503
5969 2504
4629 2505
1295 2506
1345 2507
4148 2508
2203 2509
5533 2510
2320 2511
478 2512
3817 2513
4627 2514
2621 2515
1043 2516
3814 2517
2176 2518
3872 2519
572 2520
3882 2521
1905 2522
4146 2523
1198 2524
3025 2525
3516 2526
2541 2527
1316 2528
2776 2529
3449 2530
4342 2531
4199 2532
1741 2533
2974 2534
1543 2535
1237 2536
3679 2537
4120 2538
5887 2539
3094 2540
3405 2541
1706 2542
788 2543
2252 2544
4553 2545
5050 2546
3623 2547
769 2548
2997 2549
2658 2550
3960 2551
5001 2552
605 2553
1314 2554
2765 2555
200 2556
2008 2557
3659 2558
4741 2559
798 2560
5619 2561
2043 2562
2021 2563
4591 2564
5002 2565
4529 2566
3986 2567
5840 2568
2014 2569
2778 2570
5381 2571
1532 2572
5335 2573
985 2574
1281 2575
651 2576
40 2577
218 2578
5241 2579
2578 2580
2460 2581
201 2582
5245 2583
2185 2584
2584 2585
4189 2586
5368 2587
6017 2588
1717 2589
763 2590
1369 2591
4784 2592
2963 2593
1434 2594
4450 2595
2531 2596
5944 2597
3745 2598
4238 2599
3003 2600
2899 2601
453 2602
652 2603
1348 2604
5172 2605
2082 2606
2650 2607
1768 2608
4558 2609
2105 2610
1491 2611
109 2612
3612 2613
1960 2614
4114 2615
3207 2616
439 2617
5153 2618
3429 2619
1726 2620
2233 2621
2756 2622
963 2623
3338 2624
5258 2625
1258 2626
3267 2627
6011 2628
376 2629
1620 2630
5725 2631
4149 2632
515 2633
3175 2634
1625 2635
2561 2636
2265 2637
5902 2638
3431 2639
741 2640
2002 2641
819 2642
4311 2643
4561 2644
2247 2645
2699 2646
2100 2647
1421 2648
1199 2649
3301 2650
1181 2651
1735 2652
2239 2653
3746 2654
393 2655
2171 2656
3108 2657
532 2658
1929 2659
2724 2660
4282 2661
4974 2662
5299 2663
5566 2664
1195 2665
4748 2666
5581 2667
5968 2668
4447 2669
3664 2670
2101 2671
2858 2672
5293 2673
1325 2674
440 2675
1773 2676
291 2677
3475 2678
1380 2679
4545 2680
3905 2681
1002 2682
4953 2683
4514 2684
1173 2685
1681 2686
5064 2687
3549 2688
2903 2689
1901 2690
2523 2691
4932 2692
1175 2693
3899 2694
5450 2695
3646 2696
412 2697
2795 2698
296 2699
190 2700
47 2701
3798 2702
3469 2703
1359 2704
2782 2705
4478 2706
2588 2707
3039 2708
4154 2709
914 2710
5278 2711
1403 2712
2099 2713
1184 2714
2692 2715
1947 2716
1953 2717
5318 2718
1892 2719
1873 2720
482 2721
500 2722
5653 2723
1125 2724
4483 2725
5820 2726
4508 2727
3112 2728
5080 2729
670 2730
5298 2731
2204 2732
4157 2733
5052 2734
1019 2735
1962 2736
3024 2737
1270 2738
1521 2739
5302 2740
175 2741
2463 2742
977 2743
2309 2744
3873 2745
4387 2746
59 2747
730 2748
3291 2749
4874 2750
2722 2751
1761 2752
1273 2753
5629 2754
5006 2755
5662 2756
2046 2757
3219 2758
2999 2759
809 2760
2165 2761
116 2762
5950 2763
5253 2764
5858 2765
2913 2766
3463 2767
3845 2768
1196 2769
4142 2770
5931 2771
3847 2772
1139 2773
5914 2774
3852 2775
2946 2776
3224 2777
5651 2778
5085 2779
4266 2780
142 2781
4524 2782
4694 2783
1266 2784
2005 2785
2780 2786
4691 2787
3156 2788
2477 2789
5940 2790
3648 2791
549 2792
33 2793
2706 2794
5262 2795
5995 2796
1060 2797
4395 2798
5266 2799
2446 2800
3970 2801
146 2802
2793 2803
1864 2804
4007 2805
4246 2806
5395 2807
674 2808
4704 2809
2633 2810
391 2811
3855 2812
2551 2813
4776 2814
1554 2815
2565 2816
613 2817
5974 2818
3090 2819
1856 2820
2951 2821
74 2822
5049 2823
415 2824
4241 2825
2815 2826
1802 2827
3771 2828
5129 2829
4044 2830
5987 2831
2326 2832
3254 2833
2184 2834
1066 2835
1971 2836
5813 2837
4460 2838
2766 2839
3553 2840
3468 2841
178 2842
1628 2843
1708 2844
124 2845
1188 2846
663 2847
1129 2848
2681 2849
5683 2850
4082 2851
5907 2852
5273 2853
1274 2854
2969 2855
3959 2856
2003 2857
1247 2858
2253 2859
5852 2860
616 2861
1888 2862
2542 2863
5628 2864
3849 2865
5288 2866
1392 2867
5313 2868
4753 2869
5741 2870
4754 2871
2564 2872
5077 2873
2790 2874
90 2875
3409 2876
1080 2877
1106 2878
3728 2879
4010 2880
2390 2881
878 2882
3853 2883
2854 2884
268 2885
852 2886
72 2887
5216 2888
4760 2889
5322 2890
893 2891
3864 2892
3127 2893
917 2894
2533 2895
2832 2896
318 2897
5926 2898
509 2899
3371 2900
1078 2901
4922 2902
866 2903
1336 2904
843 2905
1037 2906
4832 2907
4625 2908
5303 2909
3386 2910
1899 2911
4714 2912
2826 2913
4958 2914
2678 2915
2173 2916
1250 2917
3831 2918
4242 2919
1353 2920
4046 2921
4538 2922
3521 2923
612 2924
1783 2925
1746 2926
4934 2927
1588 2928
2024 2929
3419 2930
4503 2931
2781 2932
2901 2933
2775 2934
4036 2935
2558 2936
2830 2937
5151 2938
5548 2939
2473 2940
3029 2941
1346 2942
2926 2943
3164 2944
3685 2945
1268 2946
1251 2947
1989 2948
4059 2949
4365 2950
5633 2951
3360 2952
5221 2953
1208 2954
3418 2955
4735 2956
497 2957
5824 2958
3730 2959
4641 2960
2595 2961
7 2962
2707 2963
4302 2964
4434 2965
2231 2966
3827 2967
5436 2968
3310 2969
4849 2970
450 2971
2954 2972
3719 2973
4807 2974
3729 2975
4181 2976
5277 2977
3801 2978
86 2979
3393 2980
1428 2981
3 2982
426 2983
3813 2984
1401 2985
582 2986
208 2987
1812 2988
5352 2989
5608 2990
5588 2991
3996 2992
3892 2993
3797 2994
235 2995
1091 2996
2557 2997
2229 2998
3425 2999
5348 3000
3381 3001
2576 3002
1473 3003
4586 3004
2871 3005
3436 3006
4252 3007
5942 3008
584 3009
404 3010
1857 3011
3670 3012
624 3013
5990 3014
2929 3015
322 3016
4904 3017
2847 3018
446 3019
4245 3020
1358 3021
1486 3022
5859 3023
1522 3024
776 3025
1931 3026
4228 3027
2986 3028
5027 3029
1826 3030
5100 3031
3089 3032
3497 3033
3662 3034
5982 3035
1655 3036
117 3037
2874 3038
5890 3039
3932 3040
2057 3041
5207 3042
2924 3043
3649 3044
639 3045
4607 3046
961 3047
3223 3048
4034 3049
5404 3050
4887 3051
5171 3052
3157 3053
4391 3054
2193 3055
3278 3056
2225 3057
2813 3058
3722 3059
5844 3060
3888 3061
4583 3062
1693 3063
5757 3064
1954 3065
1957 3066
1572 3067
3547 3068
5920 3069
3241 3070
4188 3071
929 3072
4902 3073
3502 3074
266 3075
1276 3076
4563 3077
1778 3078
642 3079
5663 3080
588 3081
5716 3082
5897 3083
328 3084
4794 3085
122 3086
288 3087
3676 3088
4068 3089
655 3090
733 3091
3838 3092
4859 3093
2829 3094
4390 3095
279 3096
4568 3097
4598 3098
3867 3099
1057 3100
5720 3101
1811 3102
4528 3103
507 3104
3226 3105
1265 3106
837 3107
5964 3108
5343 3109
5099 3110
5154 3111
5189 3112
2590 3113
1996 3114
953 3115
3725 3116
3078 3117
1187 3118
2188 3119
1036 3120
4841 3121
3633 3122
2127 3123
5582 3124
4960 3125
397 3126
2794 3127
4133 3128
758 3129
2399 3130
4005 3131
4554 3132
1777 3133
4067 3134
3563 3135
1223 3136
4788 3137
5463 3138
3236 3139
520 3140
2809 3141
4938 3142
563 3143
102 3144
4813 3145
3000 3146
5861 3147
1279 3148
3787 3149
5567 3150
5970 3151
631 3152
1983 3153
591 3154
2409 3155
1217 3156
3378 3157
1260 3158
1095 3159
3354 3160
4205 3161
1007 3162
4500 3163
5379 3164
5879 3165
1676 3166
5160 3167
892 3168
2774 3169
5155 3170
4195 3171
4852 3172
2866 3173
2061 3174
2498 3175
1034 3176
4795 3177
5941 3178
551 3179
3731 3180
1024 3181
1406 3182
2261 3183
5482 3184
17 3185
677 3186
5102 3187
4862 3188
2424 3189
1963 3190
3718 3191
188 3192
4415 3193
5467 3194
1745 3195
3500 3196
3571 3197
4406 3198
2001 3199
2527 3200
319 3201
3678 3202
2301 3203
2506 3204
4112 3205
838 3206
224 3207
5264 3208
5112 3209
2006 3210
1368 3211
660 3212
3144 3213
4035 3214
481 3215
2552 3216
3050 3217
3017 3218
1379 3219
4384 3220
4408 3221
2249 3222
4769 3223
902 3224
699 3225
2758 3226
1618 3227
219 3228
4858 3229
5789 3230
4969 3231
5240 3232
5370 3233
3640 3234
3349 3235
4162 3236
2092 3237
2767 3238
5986 3239
5218 3240
3504 3241
2267 3242
3314 3243
2085 3244
1282 3245
518 3246
2937 3247
918 3248
1567 3249
214 3250
1631 3251
1972 3252
1289 3253
5528 3254
349 3255
3092 3256
3548 3257
517 3258
2956 3259
3367 3260
3095 3261
536 3262
2695 3263
732 3264
5937 3265
1147 3266
3197 3267
358 3268
3694 3269
3987 3270
83 3271
304 3272
1189 3273
1794 3274
1207 3275
5671 3276
4292 3277
3120 3278
564 3279
3572 3280
431 3281
3313 3282
622 3283
4393 3284
2846 3285
181 3286
141 3287
3329 3288
3904 3289
3922 3290
3989 3291
1427 3292
2411 3293
717 3294
5505 3295
1516 3296
1814 3297
1094 3298
5309 3299
3534 3300
3573 3301
966 3302
2484 3303
5660 3304
743 3305
1616 3306
1225 3307
336 3308
1933 3309
2333 3310
2701 3311
3342 3312
1580 3313
3674 3314
1732 3315
2524 3316
1107 3317
5408 3318
5730 3319
4546 3320
1917 3321
4567 3322
5396 3323
2610 3324
5892 3325
5483 3326
2894 3327
4804 3328
1734 3329
258 3330
566 3331
2370 3332
3603 3333
152 3334
3951 3335
2863 3336
2685 3337
4779 3338
1201 3339
423 3340
682 3341
3333 3342
2479 3343
1539 3344
2772 3345
3295 3346
2816 3347
3311 3348
3308 3349
1338 3350
2550 3351
1231 3352
5247 3353
24 3354
5130 3355
5620 3356
3119 3357
1860 3358
1448 3359
4367 3360
4392 3361
2418 3362
4897 3363
3246 3364
5782 3365
4900 3366
278 3367
5546 3368
1222 3369
856 3370
3443 3371
1331 3372
5835 3373
681 3374
5433 3375
1755 3376
414 3377
161 3378
4601 3379
5718 3380
2546 3381
1537 3382
3009 3383
5210 3384
2589 3385
2015 3386
594 3387
259 3388
3975 3389
1084 3390
4176 3391
5405 3392
870 3393
1446 3394
5209 3395
4404 3396
4129 3397
1366 3398
428 3399
3060 3400
1859 3401
5870 3402
696 3403
4494 3404
139 3405
5669 3406
3008 3407
4574 3408
928 3409
5279 3410
4889 3411
150 3412
2911 3413
3482 3414
1584 3415
1985 3416
3804 3417
4075 3418
1540 3419
3227 3420
2720 3421
4047 3422
305 3423
3172 3424
4882 3425
1875 3426
1455 3427
4207 3428
5337 3429
777 3430
3130 3431
1298 3432
974 3433
4717 3434
5826 3435
158 3436
4669 3437
2347 3438
5756 3439
1343 3440
650 3441
5148 3442
5330 3443
5985 3444
3238 3445
4649 3446
2502 3447
3266 3448
2806 3449
366 3450
2966 3451
4442 3452
2850 3453
3281 3454
512 3455
2827 3456
1902 3457
4590 3458
2683 3459
1722 3460
531 3461
1190 3462
4212 3463
4721 3464
4771 3465
3452 3466
1883 3467
2106 3468
2522 3469
574 3470
1272 3471
1915 3472
3097 3473
5610 3474
5631 3475
5317 3476
939 3477
2053 3478
2081 3479
2594 3480
4231 3481
12 3482
3526 3483
3532 3484
3926 3485
4422 3486
5363 3487
1906 3488
3432 3489
2331 3490
1418 3491
120 3492
3186 3493
216 3494
4224 3495
5164 3496
4014 3497
5051 3498
3163 3499
2842 3500
1342 3501
1363 3502
5856 3503
1878 3504
5579 3505
2097 3506
1949 3507
165 3508
2093 3509
4175 3510
79 3511
3450 3512
3733 3513
5801 3514
4360 3515
502 3516
377 3517
4101 3518
791 3519
3430 3520
2451 3521
2761 3522
5362 3523
3230 3524
1645 3525
5306 3526
111 3527
654 3528
5439 3529
3099 3530
5843 3531
1259 3532
2148 3533
370 3534
3639 3535
4190 3536
1858 3537
1671 3538
1680 3539
1492 3540
1159 3541
3285 3542
969 3543
32 3544
4770 3545
5494 3546
3458 3547
3495 3548
1759 3549
3901 3550
5908 3551
5203 3552
3369 3553
3277 3554
4835 3555
6000 3556
1639 3557
3412 3558
5244 3559
4499 3560
630 3561
3937 3562
4024 3563
1552 3564
4692 3565
5039 3566
1063 3567
995 3568
5869 3569
3819 3570
1412 3571
1205 3572
4903 3573
3155 3574
1506 3575
1157 3576
783 3577
5401 3578
3259 3579
5336 3580
5308 3581
1920 3582
2526 3583
4424 3584
984 3585
2271 3586
541 3587
5028 3588
4716 3589
3320 3590
1466 3591
5312 3592
2935 3593
5547 3594
4182 3595
4923 3596
2167 3597
2981 3598
3294 3599
2432 3600
4269 3601
6033 3602
1738 3603
5909 3604
824 3605
5839 3606
3984 3607
29 3608
840 3609
3212 3610
5082 3611
1974 3612
225 3613
5047 3614
5487 3615
4441 3616
1973 3617
8 3618
2636 3619
2022 3620
3597 3621
89 3622
3201 3623
2272 3624
5500 3625
1344 3626
5276 3627
461 3628
713 3629
3586 3630
6035 3631
6004 3632
3886 3633
2521 3634
3209 3635
1264 3636
3802 3637
3885 3638
3018 3639
1267 3640
567 3641
1661 3642
3302 3643
706 3644
5900 3645
2104 3646
3193 3647
4626 3648
1381 3649
4364 3650
2582 3651
1919 3652
2920 3653
4013 3654
1464 3655
2352 3656
485 3657
853 3658
1766 3659
2296 3660
508 3661
4787 3662
2857 3663
1233 3664
4336 3665
5895 3666
3490 3667
3982 3668
1894 3669
4202 3670
2592 3671
2344 3672
4870 3673
42 3674
1898 3675
2825 3676
5135 3677
3551 3678
3565 3679
1788 3680
4535 3681
5422 3682
2118 3683
3428 3684
848 3685
2599 3686
2242 3687
2819 3688
2500 3689
3805 3690
4448 3691
46 3692
1937 3693
1793 3694
317 3695
1051 3696
465 3697
5098 3698
2150 3699
5777 3700
3724 3701
514 3702
5016 3703
4671 3704
1549 3705
4620 3706
5575 3707
5321 3708
1172 3709
2750 3710
3585 3711
2960 3712
4907 3713
2958 3714
2056 3715
3300 3716
3045 3717
4126 3718
4749 3719
4997 3720
2931 3721
2510 3722
5984 3723
3712 3724
2914 3725
3752 3726
1479 3727
2669 3728
4935 3729
554 3730
5888 3731
751 3732
1170 3733
5913 3734
1451 3735
4747 3736
4909 3737
1805 3738
525 3739
5349 3740
5800 3741
3441 3742
4505 3743
879 3744
1716 3745
4507 3746
3981 3747
2216 3748
3154 3749
3055 3750
5733 3751
448 3752
1838 3753
5228 3754
3832 3755
1672 3756
1275 3757
4973 3758
5024 3759
2251 3760
3424 3761
3527 3762
2723 3763
3478 3764
4031 3765
101 3766
5679 3767
2248 3768
3384 3769
3610 3770
4337 3771
1471 3772
2760 3773
1942 3774
1641 3775
1961 3776
2047 3777
3042 3778
5431 3779
3377 3780
3171 3781
633 3782
2622 3783
4919 3784
5636 3785
4715 3786
2733 3787
1692 3788
1640 3789
1070 3790
748 3791
1256 3792
2585 3793
4635 3794
4153 3795
1699 3796
4301 3797
5576 3798
5740 3799
5111 3800
162 3801
6022 3802
53 3803
607 3804
3631 3805
4436 3806
1086 3807
894 3808
3491 3809
3876 3810
4851 3811
4886 3812
4899 3813
5828 3814
2018 3815
3435 3816
3999 3817
4291 3818
5727 3819
4876 3820
1009 3821
154 3822
3908 3823
5518 3824
5568 3825
1104 3826
6025 3827
4072 3828
2038 3829
3621 3830
2283 3831
5754 3832
2074 3833
3995 3834
4165 3835
2452 3836
5421 3837
3756 3838
4758 3839
4128 3840
3936 3841
4547 3842
5666 3843
5297 3844
3764 3845
5460 3846
2476 3847
947 3848
4134 3849
4027 3850
3344 3851
1604 3852
2934 3853
1904 3854
2487 3855
5618 3856
2638 3857
747 3858
5053 3859
325 3860
1804 3861
2923 3862
5144 3863
3346 3864
1317 3865
962 3866
1420 3867
3833 3868
553 3869
4315 3870
3484 3871
3907 3872
1970 3873
255 3874
4061 3875
3903 3876
1770 3877
4096 3878
5726 3879
2254 3880
5015 3881
4111 3882
3654 3883
4613 3884
4219 3885
4778 3886
260 3887
5214 3888
2330 3889
4718 3890
1048 3891
5748 3892
3949 3893
3811 3894
5873 3895
1841 3896
4541 3897
2754 3898
5715 3899
2378 3900
5163 3901
4277 3902
3362 3903
5416 3904
6010 3905
5770 3906
2365 3907
2529 3908
1515 3909
5269 3910
5945 3911
4674 3912
3129 3913
3983 3914
80 3915
3541 3916
289 3917
2759 3918
4144 3919
1887 3920
1536 3921
3539 3922
504 3923
2773 3924
5350 3925
4610 3926
3707 3927
4551 3928
372 3929
1744 3930
4910 3931
3958 3932
1646 3933
3971 3934
2322 3935
4143 3936
457 3937
5192 3938
4824 3939
806 3940
5802 3941
1472 3942
5471 3943
987 3944
644 3945
4927 3946
585 3947
1938 3948
989 3949
2868 3950
1174 3951
2262 3952
6029 3953
5272 3954
2902 3955
2593 3956
5508 3957
6013 3958
2223 3959
3149 3960
1248 3961
3451 3962
3918 3963
3015 3964
1410 3965
5296 3966
1284 3967
2690 3968
5205 3969
3021 3970
18 3971
3070 3972
2904 3973
354 3974
1335 3975
5708 3976
490 3977
5066 3978
5070 3979
2528 3980
4475 3981
5030 3982
3453 3983
3735 3984
1302 3985
1306 3986
1608 3987
3686 3988
4017 3989
3715 3990
1903 3991
2637 3992
889 3993
5776 3994
5468 3995
5378 3996
1955 3997
3946 3998
4806 3999
1395 4000
2162 4001
2788 4002
757 4003
163 4004
2364 4005
253 4006
4822 4007
5340 4008
4325 4009
982 4010
876 4011
1758 4012
3643 4013
4912 4014
4963 4015
5980 4016
3795 4017
3067 4018
3705 4019
5063 4020
5347 4021
2230 4022
2907 4023
501 4024
5254 4025
2067 4026
3341 4027
4058 4028
1083 4029
4678 4030
3570 4031
1621 4032
4519 4033
4562 4034
4880 4035
38 4036
931 4037
6015 4038
5121 4039
927 4040
1545 4041
4221 4042
2668 4043
1568 4044
1458 4045
5219 4046
3178 4047
1440 4048
4366 4049
4119 4050
3636 4051
2222 4052
887 4053
2671 4054
2311 4055
2881 4056
2405 4057
3651 4058
640 4059
4095 4060
2339 4061
2406 4062
1301 4063
2374 4064
3887 4065
3052 4066
5011 4067
5949 4068
4122 4069
3780 4070
4589 4071
5791 4072
3364 4073
5014 4074
3992 4075
374 4076
1171 4077
3243 4078
4326 4079
5563 4080
2643 4081
4213 4082
409 4083
4943 4084
5642 4085
5263 4086
484 4087
1851 4088
36 4089
5020 4090
2878 4091
1613 4092
4488 4093
817 4094
5630 4095
4490 4096
4352 4097
2142 4098
2107 4099
2534 4100
4619 4101
257 4102
2131 4103
2461 4104
4773 4105
3564 4106
5055 4107
3141 4108
466 4109
2288 4110
6034 4111
5492 4112
4150 4113
976 4114
2743 4115
5593 4116
2918 4117
3697 4118
1678 4119
5915 4120
891 4121
5035 4122
5342 4123
3218 4124
2373 4125
2135 4126
2401 4127
3183 4128
1994 4129
749 4130
1944 4131
1650 4132
5484 4133
1861 4134
5294 4135
5036 4136
1975 4137
1683 4138
3487 4139
5550 4140
3546 4141
1136 4142
503 4143
3781 4144
4522 4145
5863 4146
3557 4147
5688 4148
5571 4149
4783 4150
3980 4151
192 4152
734 4153
1462 4154
3394 4155
5930 4156
2900 4157
2912 4158
3093 4159
4990 4160
3177 4161
5246 4162
5819 4163
1595 4164
2329 4165
197 4166
3702 4167
199 4168
383 4169
5883 4170
5983 4171
149 4172
5089 4173
4976 4174
2256 4175
4977 4176
3049 4177
5965 4178
641 4179
1305 4180
2676 4181
808 4182
1244 4183
5707 4184
1666 4185
2875 4186
5402 4187
2652 4188
1197 4189
2358 4190
940 4191
5344 4192
5231 4193
1013 4194
850 4195
5735 4196
700 4197
2098 4198
4240 4199
5305 4200
814 4201
4983 4202
1321 4203
2063 4204
4138 4205
865 4206
1038 4207
5919 4208
3423 4209
736 4210
2108 4211
3762 4212
5534 4213
3652 4214
5353 4215
2947 4216
3931 4217
3522 4218
4280 4219
2151 4220
491 4221
1286 4222
5667 4223
5176 4224
845 4225
4726 4226
148 4227
606 4228
2791 4229
1839 4230
1551 4231
836 4232
1025 4233
2466 4234
941 4235
5650 4236
679 4237
1571 4238
3128 4239
2161 4240
5359 4241
44 4242
5605 4243
229 4244
5960 4245
3287 4246
1789 4247
4420 4248
3192 4249
4344 4250
2122 4251
5448 4252
5096 4253
37 4254
63 4255
1322 4256
759 4257
4472 4258
2908 4259
4497 4260
2715 4261
2538 4262
2291 4263
724 4264
3397 4265
298 4266
1288 4267
3399 4268
1460 4269
5229 4270
1624 4271
2012 4272
2525 4273
4166 4274
4211 4275
1385 4276
4513 4277
34 4278
5497 4279
3803 4280
1609 4281
614 4282
167 4283
2017 4284
2183 4285
2037 4286
4421 4287
4077 4288
3075 4289
4840 4290
2034 4291
1290 4292
4842 4293
768 4294
5752 4295
1099 4296
66 4297
4109 4298
3148 4299
3749 4300
3956 4301
770 4302
5366 4303
410 4304
2366 4305
3972 4306
2064 4307
5438 4308
5166 4309
4127 4310
3245 4311
3498 4312
3317 4313
4709 4314
2159 4315
3319 4316
1946 4317
3274 4318
3065 4319
1183 4320
98 4321
5811 4322
854 4323
2307 4324
1664 4325
3047 4326
4687 4327
217 4328
4555 4329
3203 4330
2445 4331
2179 4332
3244 4333
2045 4334
135 4335
400 4336
2089 4337
5787 4338
91 4339
1907 4340
4089 4341
2377 4342
2852 4343
4496 4344
3709 4345
3235 4346
2877 4347
3542 4348
4652 4349
2980 4350
3772 4351
1948 4352
534 4353
975 4354
1850 4355
5823 4356
2345 4357
972 4358
2770 4359
1840 4360
4298 4361
1930 4362
3331 4363
5705 4364
3444 4365
2751 4366
2785 4367
2834 4368
3576 4369
5097 4370
3343 4371
5242 4372
183 4373
2818 4374
1240 4375
1832 4376
5911 4377
242 4378
1502 4379
1391 4380
2639 4381
2145 4382
5765 4383
398 4384
803 4385
1122 4386
3258 4387
3383 4388
4227 4389
4321 4390
327 4391
645 4392
5736 4393
3305 4394
1559 4395
4711 4396
5429 4397
234 4398
4572 4399
2740 4400
847 4401
5179 4402
686 4403
5561 4404
1657 4405
88 4406
2562 4407
767 4408
4125 4409
570 4410
1498 4411
2386 4412
1730 4413
5133 4414
543 4415
1320 4416
495 4417
3111 4418
3809 4419
4214 4420
1798 4421
5939 4422
1792 4423
955 4424
1430 4425
228 4426
2319 4427
3237 4428
812 4429
2201 4430
2532 4431
1660 4432
5495 4433
2210 4434
5079 4435
5013 4436
3820 4437
2940 4438
869 4439
4978 4440
3406 4441
4998 4442
646 4443
5959 4444
2497 4445
84 4446
5403 4447
4679 4448
1431 4449
2042 4450
2121 4451
1028 4452
3929 4453
2712 4454
4104 4455
232 4456
417 4457
729 4458
2916 4459
665 4460
5190 4461
4667 4462
1935 4463
71 4464
4244 4465
2199 4466
3928 4467
1388 4468
1384 4469
4172 4470
2126 4471
1111 4472
2777 4473
2327 4474
1257 4475
3195 4476
2295 4477
3782 4478
5114 4479
4664 4480
2883 4481
2632 4482
3411 4483
2745 4484
5150 4485
4707 4486
2514 4487
1219 4488
4733 4489
1186 4490
4761 4491
403 4492
4052 4493
805 4494
5645 4495
3587 4496
2428 4497
1564 4498
795 4499
4171 4500
1357 4501
3204 4502
4623 4503
2892 4504
5784 4505
5654 4506
1816 4507
21 4508
3355 4509
3002 4510
3199 4511
4569 4512
2861 4513
1332 4514
5057 4515
818 4516
5457 4517
1719 4518
3096 4519
5385 4520
226 4521
3113 4522
2665 4523
309 4524
1541 4525
2075 4526
2087 4527
5365 4528
979 4529
762 4530
3027 4531
4597 4532
1763 4533
1574 4534
1452 4535
2041 4536
3472 4537
3622 4538
4617 4539
5656 4540
4817 4541
1969 4542
573 4543
1001 4544
1648 4545
2459 4546
3638 4547
5807 4548
4930 4549
2396 4550
5284 4551
4256 4552
542 4553
2539 4554
4045 4555
3348 4556
3276 4557
1023 4558
4413 4559
4833 4560
65 4561
2933 4562
5211 4563
4405 4564
1350 4565
3840 4566
1991 4567
5250 4568
5860 4569
3481 4570
731 4571
267 4572
1457 4573
5339 4574
3347 4575
3398 4576
5584 4577
1863 4578
5115 4579
20 4580
2919 4581
3389 4582
5559 4583
3978 4584
3595 4585
1715 4586
4192 4587
1614 4588
4385 4589
885 4590
5655 4591
368 4592
3738 4593
50 4594
1796 4595
3474 4596
2332 4597
4673 4598
1654 4599
3373 4600
2628 4601
4288 4602
1642 4603
5095 4604
5577 4605
5469 4606
3870 4607
5083 4608
4701 4609
2606 4610
262 4611
1847 4612
1520 4613
330 4614
1351 4615
3376 4616
3520 4617
1916 4618
2728 4619
4964 4620
4079 4621
1941 4622
1026 4623
469 4624
1526 4625
1422 4626
4019 4627
5375 4628
675 4629
1151 4630
3040 4631
3841 4632
3318 4633
3742 4634
1900 4635
5512 4636
3681 4637
5768 4638
4549 4639
2443 4640
301 4641
4577 4642
1685 4643
2351 4644
3696 4645
2155 4646
5572 4647
1310 4648
4722 4649
3123 4650
2970 4651
4276 4652
5201 4653
1278 4654
4600 4655
4533 4656
4193 4657
2032 4658
2312 4659
4802 4660
4884 4661
5364 4662
3215 4663
587 4664
373 4665
2799 4666
2389 4667
912 4668
5320 4669
369 4670
5698 4671
3634 4672
2455 4673
272 4674
3115 4675
5955 4676
2800 4677
5744 4678
3421 4679
723 4680
5815 4681
3818 4682
3779 4683
2725 4684
4106 4685
1702 4686
138 4687
3812 4688
2209 4689
2647 4690
684 4691
2429 4692
4239 4693
1965 4694
472 4695
1866 4696
4160 4697
5481 4698
1531 4699
5781 4700
1386 4701
1429 4702
3303 4703
3684 4704
2691 4705
3328 4706
1879 4707
629 4708
1068 4709
4357 4710
1439 4711
306 4712
2227 4713
4023 4714
875 4715
5644 4716
265 4717
5532 4718
95 4719
196 4720
3591 4721
2397 4722
3917 4723
4290 4724
653 4725
1432 4726
5470 4727
2317 4728
2703 4729
4464 4730
1542 4731
2739 4732
3446 4733
5409 4734
5601 4735
4536 4736
2436 4737
5696 4738
997 4739
5977 4740
580 4741
2049 4742
4064 4743
3118 4744
715 4745
5738 4746
3307 4747
3340 4748
4767 4749
3388 4750
4662 4751
820 4752
1936 4753
4313 4754
337 4755
4341 4756
5486 4757
5714 4758
3976 4759
692 4760
5420 4761
3930 4762
2129 4763
4057 4764
3799 4765
3562 4766
3656 4767
5410 4768
1701 4769
2651 4770
2116 4771
971 4772
4085 4773
4872 4774
1254 4775
4006 4776
356 4777
1102 4778
5411 4779
3757 4780
1525 4781
2936 4782
5899 4783
1218 4784
1652 4785
5996 4786
2316 4787
3677 4788
3844 4789
960 4790
2835 4791
285 4792
4999 4793
1980 4794
2998 4795
1180 4796
1044 4797
1923 4798
4015 4799
1482 4800
3916 4801
4402 4802
5612 4803
4399 4804
904 4805
954 4806
5071 4807
511 4808
3750 4809
1897 4810
54 4811
13 4812
886 4813
2439 4814
2886 4815
4844 4816
2128 4817
4320 4818
4377 4819
6036 4820
1801 4821
547 4822
2941 4823
4746 4824
3769 4825
477 4826
419 4827
3566 4828
2822 4829
1014 4830
5878 4831
2491 4832
888 4833
5664 4834
5389 4835
620 4836
1480 4837
4825 4838
2192 4839
2349 4840
3942 4841
4723 4842
4755 4843
2623 4844
1513 4845
5490 4846
2246 4847
2507 4848
5972 4849
5451 4850
726 4851
1740 4852
2880 4853
2641 4854
2313 4855
4752 4856
2864 4857
1414 4858
247 4859
5000 4860
3924 4861
3552 4862
5374 4863
2492 4864
1966 4865
4108 4866
5519 4867
5123 4868
2577 4869
1052 4870
5187 4871
3753 4872
5932 4873
4816 4874
5146 4875
5623 4876
4543 4877
3499 4878
3550 4879
3689 4880
5199 4881
43 4882
3062 4883
4645 4884
4580 4885
2627 4886
4656 4887
2955 4888
932 4889
145 4890
5717 4891
2698 4892
5398 4893
5993 4894
3374 4895
998 4896
2197 4897
2792 4898
4697 4899
841 4900
2884 4901
1367 4902
5918 4903
895 4904
5599 4905
2103 4906
2677 4907
408 4908
1162 4909
3088 4910
4630 4911
3460 4912
1333 4913
1633 4914
2214 4915
2431 4916
3767 4917
4734 4918
2297 4919
5626 4920
3225 4921
1050 4922
5580 4923
3683 4924
4466 4925
910 4926
5685 4927
3072 4928
3434 4929
3592 4930
5040 4931
3737 4932
2119 4933
3630 4934
2708 4935
3124 4936
341 4937
2144 4938
5442 4939
3775 4940
4307 4941
5387 4942
5799 4943
4479 4944
5005 4945
2664 4946
3898 4947
3116 4948
1849 4949
2511 4950
4137 4951
3740 4952
4274 4953
1764 4954
2338 4955
3006 4956
2050 4957
77 4958
5737 4959
2381 4960
2943 4961
390 4962
3909 4963
4757 4964
956 4965
2474 4966
4881 4967
1711 4968
1176 4969
1586 4970
1867 4971
2422 4972
5225 4973
5334 4974
3413 4975
2198 4976
4942 4977
290 4978
4455 4979
2490 4980
2716 4981
1791 4982
5341 4983
5076 4984
5091 4985
6005 4986
5283 4987
1784 4988
3701 4989
1517 4990
5372 4991
842 4992
348 4993
2843 4994
5106 4995
1383 4996
2910 4997
3963 4998
1509 4999
680 5000
4123 5001
5065 5002
5771 5003
2163 5004
951 5005
433 5006
6028 5007
221 5008
774 5009
4359 5010
3559 5011
5141 5012
5393 5013
3492 5014
5624 5015
4356 5016
3058 5017
4929 5018
4268 5019
2156 5020
1226 5021
1909 5022
4575 5023
5412 5024
4039 5025
2784 5026
2762 5027
3582 5028
575 5029
2318 5030
1027 5031
52 5032
2170 5033
3785 5034
5614 5035
248 5036
2060 5037
3126 5038
2915 5039
5120 5040
2736 5041
1913 5042
3202 5043
2187 5044
5304 5045
4363 5046
2746 5047
4828 5048
1556 5049
1096 5050
1767 5051
5925 5052
1484 5053
3862 5054
3214 5055
4509 5056
3875 5057
238 5058
1261 5059
5194 5060
280 5061
1128 5062
2367 5063
4051 5064
586 5065
1752 5066
2967 5067
1450 5068
4616 5069
2581 5070
2973 5071
5810 5072
3635 5073
261 5074
16 5075
4180 5076
2052 5077
4012 5078
1090 5079
2181 5080
4003 5081
5923 5082
1168 5083
1485 5084
2454 5085
3084 5086
1668 5087
1984 5088
3806 5089
1999 5090
4100 5091
2213 5092
4855 5093
2833 5094
346 5095
4097 5096
3358 5097
4310 5098
3086 5099
4115 5100
4933 5101
5407 5102
5493 5103
4712 5104
6031 5105
2601 5106
1076 5107
2416 5108
3627 5109
3335 5110
4548 5111
180 5112
5143 5113
3856 5114
2617 5115
4177 5116
5935 5117
2896 5118
250 5119
5659 5120
3680 5121
1815 5122
3790 5123
4829 5124
351 5125
2414 5126
2769 5127
5524 5128
3574 5129
2672 5130
1809 5131
207 5132
2990 5133
5750 5134
5894 5135
2065 5136
2054 5137
5866 5138
4419 5139
4050 5140
5793 5141
4772 5142
1591 5143
4296 5144
1587 5145
2182 5146
3871 5147
577 5148
1677 5149
4582 5150
626 5151
5346 5152
1967 5153
5162 5154
3210 5155
3184 5156
4670 5157
3023 5158
5998 5159
2549 5160
2303 5161
1269 5162
3180 5163
621 5164
4452 5165
6008 5166
710 5167
3324 5168
1698 5169
2824 5170
861 5171
3723 5172
3036 5173
1729 5174
4411 5175
3228 5176
169 5177
5943 5178
4823 5179
4655 5180
4223 5181
4659 5182
1800 5183
2164 5184
647 5185
2662 5186
1598 5187
1951 5188
3372 5189
5068 5190
2543 5191
5762 5192
1409 5193
4370 5194
533 5195
5665 5196
3001 5197
3508 5198
287 5199
643 5200
3515 5201
6037 5202
4196 5203
5857 5204
277 5205
2393 5206
3457 5207
5889 5208
420 5209
4869 5210
2368 5211
3711 5212
2968 5213
5496 5214
4713 5215
458 5216
5073 5217
108 5218
4992 5219
2147 5220
1093 5221
299 5222
1011 5223
2571 5224
1227 5225
3439 5226
2268 5227
2719 5228
5195 5229
4925 5230
1304 5231
2062 5232
4866 5233
5345 5234
6007 5235
3879 5236
725 5237
2482 5238
3477 5239
2570 5240
3448 5241
1154 5242
4877 5243
5769 5244
737 5245
5675 5246
2232 5247
5523 5248
750 5249
1577 5250
2939 5251
4653 5252
5223 5253
1311 5254
1436 5255
5682 5256
2729 5257
2544 5258
252 5259
2211 5260
2982 5261
435 5262
73 5263
3170 5264
5947 5265
4539 5266
1134 5267
5821 5268
755 5269
2417 5270
2066 5271
2860 5272
5360 5273
3350 5274
2146 5275
5116 5276
4016 5277
3925 5278
4486 5279
2 5280
2851 5281
678 5282
1610 5283
5635 5284
2862 5285
6027 5286
3837 5287
4537 5288
4324 5289
569 5290
1893 5291
3247 5292
4429 5293
5105 5294
589 5295
4916 5296
5785 5297
2560 5298
933 5299
1713 5300
3974 5301
4702 5302
4317 5303
4236 5304
324 5305
1054 5306
5391 5307
5780 5308
3132 5309
486 5310
134 5311
637 5312
3721 5313
2212 5314
1529 5315
545 5316
3973 5317
297 5318
5540 5319
1010 5320
4179 5321
3176 5322
671 5323
1688 5324
184 5325
449 5326
1823 5327
3567 5328
4145 5329
1370 5330
4532 5331
5453 5332
4560 5333
4743 5334
1015 5335
1444 5336
799 5337
1830 5338
1533 5339
2909 5340
4908 5341
1148 5342
5018 5343
93 5344
1224 5345
282 5346
946 5347
6030 5348
5446 5349
147 5350
5046 5351
3298 5352
5462 5353
4949 5354
4699 5355
3304 5356
2927 5357
5957 5358
844 5359
4853 5360
1673 5361
3545 5362
934 5363
2624 5364
3272 5365
829 5366
342 5367
683 5368
5953 5369
1881 5370
4470 5371
5220 5372
380 5373
1848 5374
5804 5375
5239 5376
1112 5377
546 5378
1161 5379
3044 5380
4801 5381
2801 5382
4883 5383
1606 5384
2713 5385
4113 5386
781 5387
3101 5388
826 5389
5703 5390
4738 5391
1518 5392
1553 5393
3077 5394
212 5395
3846 5396
1292 5397
4322 5398
1828 5399
1145 5400
1831 5401
5877 5402
5059 5403
3292 5404
860 5405
5371 5406
115 5407
1865 5408
2355 5409
2848 5410
926 5411
4926 5412
5351 5413
3894 5414
1069 5415
5314 5416
3221 5417
1465 5418
2467 5419
2580 5420
4681 5421
604 5422
5551 5423
1976 5424
4318 5425
2285 5426
5516 5427
4439 5428
67 5429
4936 5430
3466 5431
1323 5432
1987 5433
4074 5434
1477 5435
2614 5436
1000 5437
4782 5438
2959 5439
5110 5440
3577 5441
617 5442
1149 5443
2897 5444
3825 5445
137 5446
5836 5447
402 5448
4834 5449
2953 5450
5268 5451
2438 5452
649 5453
4809 5454
323 5455
632 5456
1548 5457
3467 5458
3624 5459
5690 5460
3234 5461
1995 5462
5326 5463
362 5464
1835 5465
3005 5466
4463 5467
5695 5468
189 5469
173 5470
742 5471
3758 5472
106 5473
2013 5474
312 5475
1081 5476
4304 5477
5119 5478
1499 5479
2031 5480
6003 5481
2189 5482
5430 5483
5290 5484
4612 5485
2654 5486
3496 5487
4660 5488
603 5489
5553 5490
2992 5491
1886 5492
1877 5493
3166 5494
2440 5495
14 5496
2952 5497
2587 5498
1723 5499
5585 5500
530 5501
2415 5502
264 5503
792 5504
1728 5505
3538 5506
5094 5507
1884 5508
2611 5509
4793 5510
2407 5511
4071 5512
1152 5513
4624 5514
112 5515
4993 5516
5954 5517
49 5518
3896 5519
5126 5520
245 5521
4383 5522
958 5523
1724 5524
4042 5525
3064 5526
1215 5527
2823 5528
48 5529
2646 5530
5936 5531
5850 5532
2220 5533
5383 5534
4915 5535
752 5536
4163 5537
57 5538
4928 5539
1690 5540
2379 5541
1435 5542
5583 5543
5178 5544
1607 5545
711 5546
600 5547
1425 5548
2026 5549
5587 5550
2488 5551
3022 5552
5452 5553
992 5554
1249 5555
728 5556
2548 5557
413 5558
3993 5559
3229 5560
1926 5561
862 5562
5615 5563
529 5564
3054 5565
1829 5566
5232 5567
745 5568
4566 5569
4053 5570
128 5571
5010 5572
3895 5573
3048 5574
5413 5575
2905 5576
270 5577
4087 5578
1561 5579
2419 5580
1709 5581
662 5582
846 5583
5332 5584
2304 5585
3933 5586
3264 5587
2160 5588
293 5589
1337 5590
5428 5591
4351 5592
3206 5593
3533 5594
2191 5595
244 5596
5778 5597
685 5598
2921 5599
786 5600
3620 5601
2519 5602
314 5603
5643 5604
2644 5605
1008 5606
3248 5607
4954 5608
2169 5609
2336 5610
429 5611
1978 5612
4592 5613
4286 5614
5026 5615
2078 5616
195 5617
2618 5618
4595 5619
2895 5620
3950 5621
1416 5622
2865 5623
4864 5624
4191 5625
5531 5626
5034 5627
5842 5628
2679 5629
3784 5630
5357 5631
2000 5632
1862 5633
2486 5634
5447 5635
5022 5636
2448 5637
565 5638
5461 5639
1347 5640
5896 5641
1538 5642
3417 5643
274 5644
2965 5645
3851 5646
702 5647
2738 5648
744 5649
4812 5650
3336 5651
4396 5652
4116 5653
5841 5654
4948 5655
3309 5656
5772 5657
4400 5658
3977 5659
4646 5660
5088 5661
3103 5662
528 5663
864 5664
775 5665
4873 5666
1891 5667
2090 5668
3744 5669
980 5670
666 5671
5845 5672
1885 5673
3414 5674
3778 5675
5680 5676
2731 5677
3479 5678
5938 5679
1210 5680
5032 5681
3181 5682
5597 5683
2004 5684
4330 5685
2257 5686
1470 5687
2566 5688
4672 5689
3110 5690
4088 5691
1945 5692
3121 5693
2979 5694
2360 5695
363 5696
1315 5697
1514 5698
978 5699
2616 5700
1908 5701
132 5702
595 5703
3454 5704
1981 5705
4857 5706
5661 5707
2515 5708
4985 5709
3269 5710
1461 5711
1753 5712
5729 5713
4091 5714
1836 5715
3708 5716
973 5717
5041 5718
3402 5719
2132 5720
2039 5721
292 5722
2016 5723
4451 5724
4161 5725
4894 5726
131 5727
4564 5728
471 5729
3427 5730
5834 5731
4469 5732
5319 5733
5 5734
4559 5735
3604 5736
1200 5737
2802 5738
2893 5739
5971 5740
1952 5741
4294 5742
601 5743
5692 5744
1578 5745
5316 5746
3964 5747
2748 5748
2493 5749
3473 5750
315 5751
5616 5752
5514 5753
1582 5754
5200 5755
2337 5756
2137 5757
5578 5758
1021 5759
898 5760
3906 5761
754 5762
4587 5763
2711 5764
3098 5765
70 5766
1943 5767
3743 5768
4099 5769
4468 5770
4805 5771
3263 5772
3158 5773
623 5774
3765 5775
4401 5776
4863 5777
436 5778
3326 5779
2555 5780
698 5781
3957 5782
4070 5783
424 5784
3401 5785
4250 5786
2598 5787
1253 5788
191 5789
4135 5790
890 5791
3051 5792
4666 5793
3524 5794
1022 5795
1299 5796
4511 5797
2425 5798
1570 5799
5681 5800
5689 5801
3059 5802
1376 5803
1424 5804
4502 5805
2608 5806
1739 5807
4319 5808
688 5809
1396 5810
5124 5811
385 5812
3979 5813
556 5814
3041 5815
121 5816
2020 5817
1041 5818
1874 5819
5444 5820
3071 5821
31 5822
780 5823
3583 5824
5539 5825
1067 5826
2696 5827
4602 5828
6019 5829
1731 5830
1116 5831
4347 5832
2971 5833
241 5834
4632 5835
4684 5836
2263 5837
5104 5838
389 5839
5732 5840
802 5841
3200 5842
4634 5843
5731 5844
2427 5845
5488 5846
1822 5847
5594 5848
1072 5849
3182 5850
3581 5851
4751 5852
4792 5853
4622 5854
4308 5855
5706 5856
360 5857
1494 5858
3663 5859
3668 5860
2083 5861
5916 5862
1575 5863
4140 5864
4838 5865
1003 5866
3102 5867
2876 5868
3734 5869
3322 5870
4705 5871
3857 5872
1630 5873
1787 5874
1141 5875
4854 5876
772 5877
3600 5878
2292 5879
5415 5880
2444 5881
2556 5882
4076 5883
1534 5884
2475 5885
5521 5886
3555 5887
2465 5888
3074 5889
2840 5890
5759 5891
596 5892
2434 5893
3361 5894
4609 5895
215 5896
4868 5897
5504 5898
2948 5899
475 5900
2579 5901
5573 5902
4131 5903
445 5904
4657 5905
3240 5906
2697 5907
3410 5908
2807 5909
483 5910
991 5911
2516 5912
4457 5913
5183 5914
430 5915
3700 5916
2102 5917
460 5918
4185 5919
1097 5920
3523 5921
1854 5922
2797 5923
5634 5924
668 5925
3962 5926
1869 5927
659 5928
10 5929
4530 5930
3580 5931
3955 5932
4665 5933
5956 5934
2887 5935
5456 5936
3173 5937
1500 5938
2040 5939
3080 5940
3517 5941
4487 5942
5485 5943
5182 5944
5511 5945
2398 5946
5849 5947
3554 5948
479 5949
1059 5950
2070 5951
3912 5952
5222 5953
4158 5954
1113 5955
1387 5956
5674 5957
3337 5958
3714 5959
1774 5960
2567 5961
1772 5962
2988 5963
2649 5964
4599 5965
4094 5966
4261 5967
3808 5968
5978 5969
1925 5970
4698 5971
5300 5972
4018 5973
2071 5974
5676 5975
4069 5976
4724 5977
3842 5978
22 5979
5929 5980
151 5981
2810 5982
513 5983
4848 5984
5285 5985
4459 5986
2694 5987
4768 5988
5831 5989
64 5990
1144 5991
4433 5992
1565 5993
3948 5994
2573 5995
2048 5996
5078 5997
964 5998
863 5999
4332 6000
4437 6001
4349 6002
4345 6003
1592 6004
3315 6005
2870 6006
2346 6007
3889 6008
2457 6009
300 6010
738 6011
5783 6012
555 6013
2385 6014
5989 6015
4576 6016
3151 6017
3732 6018
5809 6019
2289 6020
2391 6021
2115 6022
4329 6023
1296 6024
6018 6025
209 6026
275 6027
1031 6028
5215 6029
5527 6030
4378 6031
3763 6032
2120 6033
5543 6034
827 6035
3834 6036
3104 6037
4169 6038
4243 6039
