org_id remap_id
3694 0
9 1
4570 2
2174 3
4841 4
3409 5
3774 6
1883 7
917 8
2318 9
5731 10
561 11
5164 12
311 13
797 14
5240 15
1174 16
3096 17
5379 18
3128 19
1225 20
3293 21
4250 22
2790 23
5243 24
2532 25
5544 26
6002 27
2436 28
2935 29
1271 30
5479 31
4316 32
3231 33
4417 34
5277 35
154 36
2896 37
1622 38
4910 39
5187 40
3185 41
2733 42
2200 43
2099 44
300 45
1684 46
3111 47
5671 48
5301 49
292 50
884 51
4335 52
5678 53
3522 54
2086 55
4971 56
3867 57
3155 58
4835 59
814 60
3625 61
420 62
923 63
670 64
5495 65
2479 66
3279 67
76 68
3882 69
999 70
2063 71
3886 72
1371 73
1779 74
5655 75
4610 76
2596 77
976 78
1342 79
2220 80
1065 81
5373 82
2806 83
4657 84
4015 85
3479 86
1611 87
3567 88
918 89
1009 90
5589 91
166 92
4554 93
1936 94
2824 95
2668 96
4009 97
5 98
3021 99
1530 100
3207 101
4530 102
2936 103
5513 104
5312 105
33 106
4158 107
5740 108
2262 109
3655 110
2476 111
3013 112
2161 113
2146 114
1016 115
1380 116
3771 117
930 118
2453 119
2006 120
1400 121
109 122
3149 123
4008 124
129 125
1659 126
5945 127
2786 128
2946 129
4056 130
1528 131
3168 132
1526 133
782 134
5580 135
1671 136
5910 137
339 138
1020 139
3895 140
5224 141
960 142
972 143
4432 144
3181 145
961 146
2587 147
3520 148
5634 149
5009 150
30 151
5718 152
3528 153
5335 154
5703 155
4042 156
2113 157
5758 158
1153 159
1268 160
845 161
3638 162
3417 163
5165 164
3880 165
5572 166
1001 167
5636 168
3984 169
501 170
903 171
3859 172
4281 173
4462 174
43 175
3183 176
3799 177
4865 178
3124 179
3736 180
1143 181
2878 182
209 183
2387 184
5481 185
3679 186
5790 187
1063 188
3966 189
639 190
2840 191
1182 192
1457 193
431 194
565 195
1476 196
881 197
3445 198
3596 199
1990 200
3102 201
314 202
4736 203
555 204
1604 205
4903 206
5738 207
4803 208
808 209
5412 210
4917 211
1886 212
2500 213
2717 214
5851 215
5220 216
4447 217
5477 218
2922 219
966 220
4475 221
535 222
1617 223
2712 224
1977 225
4222 226
376 227
1551 228
5900 229
2600 230
2803 231
2883 232
336 233
762 234
2700 235
3361 236
1056 237
712 238
5207 239
150 240
3599 241
4585 242
1825 243
1554 244
2036 245
4100 246
1935 247
3442 248
4326 249
3653 250
3973 251
1411 252
3506 253
4318 254
5705 255
4613 256
3163 257
2481 258
2950 259
3688 260
348 261
663 262
4627 263
2291 264
4237 265
108 266
1122 267
1127 268
2025 269
3672 270
994 271
5734 272
545 273
3756 274
1021 275
2315 276
5762 277
415 278
3544 279
3938 280
2214 281
3675 282
4607 283
5616 284
5611 285
316 286
4930 287
1190 288
5491 289
5902 290
4955 291
1541 292
4810 293
2742 294
2854 295
5627 296
1325 297
3256 298
391 299
4946 300
862 301
5685 302
3235 303
2334 304
3377 305
4494 306
1253 307
899 308
3134 309
61 310
67 311
3136 312
4867 313
5035 314
82 315
4546 316
3818 317
958 318
5319 319
5673 320
2159 321
2464 322
4356 323
1632 324
5403 325
5596 326
530 327
3673 328
5792 329
2703 330
2253 331
2502 332
1388 333
5890 334
2143 335
1379 336
2250 337
3972 338
2300 339
1795 340
343 341
4192 342
252 343
650 344
3669 345
4814 346
1743 347
4125 348
215 349
3387 350
1062 351
455 352
1849 353
1067 354
2198 355
5218 356
1311 357
342 358
2059 359
106 360
5265 361
3282 362
1206 363
751 364
4952 365
1947 366
2290 367
268 368
117 369
1249 370
4672 371
3152 372
2223 373
711 374
1577 375
3547 376
3019 377
5512 378
1991 379
2411 380
542 381
3509 382
3812 383
1768 384
1678 385
1151 386
1263 387
2169 388
620 389
2851 390
2782 391
1255 392
3191 393
2465 394
980 395
5142 396
1420 397
1535 398
293 399
49 400
363 401
3322 402
919 403
155 404
4220 405
815 406
4209 407
5547 408
653 409
464 410
4267 411
3050 412
1031 413
5487 414
638 415
1120 416
1294 417
5289 418
2565 419
4474 420
4899 421
5051 422
3907 423
3971 424
4913 425
3937 426
5239 427
3541 428
4061 429
4308 430
2879 431
11 432
1292 433
307 434
4801 435
2461 436
3075 437
263 438
2362 439
4027 440
5750 441
5086 442
5562 443
3204 444
5645 445
744 446
3838 447
729 448
4382 449
4829 450
5298 451
3055 452
4677 453
4028 454
5508 455
4793 456
5829 457
1079 458
5251 459
341 460
3046 461
1585 462
4994 463
4040 464
1405 465
1135 466
5648 467
1485 468
1442 469
3160 470
1392 471
2002 472
5365 473
4004 474
4488 475
4872 476
1870 477
2401 478
5007 479
5346 480
4832 481
2707 482
830 483
3680 484
4553 485
2071 486
2314 487
2527 488
4307 489
4877 490
5305 491
5124 492
4043 493
1046 494
4238 495
3678 496
2632 497
3988 498
4662 499
3195 500
449 501
4954 502
1858 503
137 504
3953 505
3546 506
5799 507
3830 508
4108 509
3018 510
5619 511
5967 512
681 513
3298 514
740 515
195 516
1389 517
4348 518
2437 519
5058 520
2108 521
5943 522
2109 523
1090 524
902 525
1169 526
5099 527
4371 528
4669 529
2702 530
2245 531
1954 532
2959 533
2458 534
5029 535
2482 536
3467 537
5369 538
2163 539
3153 540
5031 541
4376 542
858 543
5244 544
775 545
2567 546
2137 547
4724 548
2649 549
876 550
2460 551
1921 552
3097 553
4350 554
5980 555
161 556
2180 557
793 558
1506 559
1244 560
5554 561
1623 562
1888 563
4694 564
409 565
1470 566
2884 567
259 568
3115 569
1279 570
838 571
833 572
1759 573
2281 574
2160 575
3704 576
2734 577
4179 578
4791 579
5236 580
3312 581
131 582
2158 583
538 584
2204 585
1051 586
4951 587
3056 588
5104 589
1782 590
3034 591
5962 592
156 593
3245 594
4319 595
2392 596
2812 597
2454 598
3550 599
4595 600
286 601
13 602
2248 603
2215 604
3691 605
226 606
5189 607
4768 608
4945 609
2893 610
5313 611
5725 612
1897 613
3330 614
1404 615
5839 616
1749 617
4617 618
1424 619
2928 620
3626 621
3331 622
5453 623
1882 624
5825 625
1752 626
2659 627
3262 628
1272 629
5237 630
2853 631
2971 632
4416 633
1691 634
4409 635
2323 636
1712 637
458 638
600 639
2023 640
3658 641
515 642
1505 643
4053 644
1103 645
1860 646
5247 647
5847 648
2331 649
2927 650
4387 651
1531 652
4402 653
4540 654
798 655
5316 656
2121 657
3942 658
2589 659
5717 660
4747 661
4558 662
1845 663
896 664
5913 665
666 666
1983 667
4959 668
3583 669
178 670
738 671
5843 672
522 673
1903 674
3427 675
4066 676
14 677
5033 678
4639 679
1518 680
446 681
579 682
3860 683
577 684
97 685
651 686
2545 687
5097 688
5131 689
1205 690
3006 691
4272 692
2080 693
4273 694
147 695
1568 696
2348 697
4036 698
3113 699
3913 700
2397 701
3849 702
2277 703
766 704
159 705
778 706
556 707
2452 708
2917 709
5831 710
4206 711
5288 712
5650 713
2818 714
722 715
4205 716
3040 717
3077 718
5626 719
2760 720
5488 721
4498 722
3864 723
1599 724
146 725
1734 726
4871 727
4769 728
544 729
1771 730
224 731
1455 732
3171 733
1866 734
2569 735
5504 736
422 737
5672 738
4918 739
1433 740
618 741
4620 742
4449 743
614 744
3935 745
3549 746
4673 747
5894 748
5381 749
246 750
52 751
2886 752
5134 753
2991 754
1 755
583 756
4172 757
1277 758
4054 759
1986 760
3885 761
3348 762
2906 763
2413 764
5955 765
302 766
2510 767
4850 768
739 769
4485 770
3593 771
4084 772
2940 773
4034 774
3065 775
3979 776
4767 777
2181 778
4699 779
5296 780
5521 781
5542 782
985 783
1918 784
5235 785
4152 786
5639 787
133 788
1801 789
89 790
1242 791
3909 792
534 793
2723 794
2722 795
5625 796
4869 797
4019 798
5841 799
5293 800
2654 801
1721 802
5751 803
3608 804
5032 805
2234 806
181 807
3412 808
5467 809
1834 810
1854 811
3585 812
2304 813
275 814
134 815
4868 816
4911 817
4833 818
5384 819
1955 820
130 821
4581 822
1198 823
4738 824
64 825
2542 826
5128 827
5059 828
1423 829
4395 830
2252 831
2077 832
5872 833
5137 834
1803 835
5127 836
4604 837
2821 838
3407 839
5490 840
3663 841
2552 842
4629 843
1477 844
525 845
1260 846
5948 847
2706 848
5353 849
4857 850
2013 851
2307 852
3613 853
2699 854
5803 855
541 856
2622 857
3981 858
305 859
5774 860
1219 861
2776 862
1713 863
4680 864
1879 865
4776 866
1546 867
4579 868
2692 869
153 870
1012 871
3329 872
3399 873
1195 874
5274 875
1023 876
1615 877
991 878
3117 879
5998 880
4634 881
2519 882
2571 883
5775 884
2213 885
4306 886
978 887
2642 888
714 889
5063 890
4914 891
175 892
44 893
5644 894
5351 895
3238 896
640 897
2899 898
5696 899
5981 900
1588 901
4956 902
2385 903
3047 904
3443 905
447 906
452 907
5535 908
5402 909
2714 910
5067 911
4605 912
77 913
5329 914
4621 915
615 916
5406 917
4939 918
887 919
3157 920
5629 921
3082 922
4323 923
1655 924
3428 925
5233 926
2176 927
2868 928
5584 929
172 930
5966 931
2683 932
3848 933
5254 934
5862 935
1497 936
3578 937
1167 938
3010 939
4966 940
1231 941
502 942
4410 943
83 944
931 945
5514 946
4862 947
2956 948
4408 949
6019 950
212 951
5662 952
70 953
1137 954
3258 955
2753 956
983 957
1128 958
2764 959
4031 960
1751 961
1121 962
2433 963
5052 964
1314 965
2613 966
5912 967
5534 968
6014 969
2604 970
3755 971
4644 972
5378 973
5743 974
3105 975
4191 976
643 977
5938 978
851 979
1876 980
3051 981
3404 982
2085 983
1317 984
3220 985
2808 986
2101 987
3 988
4362 989
38 990
2951 991
4091 992
5804 993
4678 994
1466 995
4690 996
5109 997
5834 998
3406 999
4805 1000
1964 1001
3426 1002
2842 1003
3856 1004
2378 1005
3570 1006
2410 1007
4105 1008
3338 1009
187 1010
5882 1011
2188 1012
5994 1013
3575 1014
1131 1015
6005 1016
2938 1017
4875 1018
1193 1019
1472 1020
5959 1021
3320 1022
5739 1023
3292 1024
5295 1025
4228 1026
5087 1027
508 1028
2468 1029
3068 1030
1643 1031
4860 1032
5431 1033
801 1034
1583 1035
1227 1036
1038 1037
486 1038
5062 1039
1082 1040
2504 1041
5396 1042
3246 1043
250 1044
3833 1045
4252 1046
4200 1047
119 1048
5702 1049
3881 1050
4381 1051
2409 1052
3615 1053
2100 1054
4464 1055
5742 1056
6021 1057
4890 1058
5914 1059
2405 1060
4234 1061
4713 1062
627 1063
3947 1064
4259 1065
1500 1066
1842 1067
5529 1068
2247 1069
5716 1070
2201 1071
2011 1072
2558 1073
5951 1074
2984 1075
5311 1076
2513 1077
1745 1078
4949 1079
774 1080
2126 1081
5053 1082
4300 1083
1161 1084
1236 1085
4135 1086
3140 1087
3754 1088
1499 1089
5118 1090
5272 1091
3681 1092
4029 1093
248 1094
3354 1095
613 1096
1969 1097
3255 1098
5179 1099
5808 1100
4798 1101
5753 1102
2270 1103
2592 1104
5478 1105
354 1106
465 1107
1827 1108
2329 1109
2680 1110
3164 1111
1722 1112
5468 1113
4364 1114
2358 1115
550 1116
3042 1117
5198 1118
3489 1119
2907 1120
4399 1121
5947 1122
3803 1123
3787 1124
5359 1125
22 1126
1479 1127
3527 1128
1923 1129
969 1130
2421 1131
4465 1132
2579 1133
2057 1134
2058 1135
2462 1136
3434 1137
906 1138
36 1139
3084 1140
3143 1141
5498 1142
5437 1143
5096 1144
4357 1145
1444 1146
3770 1147
4285 1148
2394 1149
216 1150
2551 1151
4347 1152
843 1153
383 1154
4187 1155
3797 1156
4181 1157
3815 1158
3753 1159
5911 1160
678 1161
94 1162
5015 1163
5732 1164
2921 1165
757 1166
5744 1167
5364 1168
2267 1169
4082 1170
2414 1171
1776 1172
1099 1173
3029 1174
4606 1175
3364 1176
3887 1177
1098 1178
720 1179
2441 1180
4655 1181
2735 1182
4940 1183
3424 1184
4900 1185
1576 1186
5419 1187
5367 1188
3035 1189
5407 1190
2947 1191
5501 1192
4560 1193
630 1194
1296 1195
4632 1196
2932 1197
3685 1198
2572 1199
3948 1200
4047 1201
1398 1202
4256 1203
2606 1204
3710 1205
661 1206
6008 1207
5819 1208
2578 1209
4980 1210
4441 1211
4033 1212
4163 1213
1949 1214
5217 1215
3795 1216
883 1217
5546 1218
578 1219
3218 1220
1323 1221
2829 1222
2489 1223
4443 1224
4997 1225
1152 1226
4080 1227
5783 1228
1971 1229
799 1230
1640 1231
5722 1232
3313 1233
3967 1234
423 1235
4665 1236
3767 1237
1781 1238
1346 1239
480 1240
2364 1241
148 1242
2647 1243
4735 1244
4320 1245
430 1246
1030 1247
1846 1248
4299 1249
244 1250
908 1251
5117 1252
4664 1253
185 1254
3498 1255
222 1256
2643 1257
1717 1258
245 1259
3824 1260
25 1261
4548 1262
4642 1263
4712 1264
588 1265
2986 1266
3582 1267
5652 1268
1829 1269
3659 1270
806 1271
5988 1272
1748 1273
1906 1274
4700 1275
507 1276
3012 1277
4176 1278
2976 1279
5896 1280
2611 1281
2082 1282
5638 1283
4760 1284
3579 1285
804 1286
2062 1287
1185 1288
5623 1289
4551 1290
3782 1291
2365 1292
767 1293
3998 1294
4121 1295
3269 1296
4689 1297
5950 1298
856 1299
227 1300
4425 1301
1083 1302
736 1303
4815 1304
2210 1305
1893 1306
492 1307
5975 1308
3169 1309
5071 1310
4942 1311
5549 1312
2522 1313
2546 1314
4587 1315
217 1316
5458 1317
569 1318
4463 1319
2767 1320
2793 1321
1319 1322
5940 1323
4732 1324
4976 1325
5350 1326
385 1327
4359 1328
5860 1329
1932 1330
1925 1331
5522 1332
4792 1333
2218 1334
4631 1335
4473 1336
4476 1337
2913 1338
1064 1339
1055 1340
4298 1341
913 1342
5575 1343
2228 1344
4097 1345
3904 1346
4041 1347
57 1348
4889 1349
5724 1350
5698 1351
4612 1352
5878 1353
886 1354
572 1355
4725 1356
2275 1357
47 1358
2187 1359
1668 1360
1005 1361
3090 1362
520 1363
5039 1364
770 1365
5290 1366
3395 1367
3257 1368
3949 1369
703 1370
2721 1371
1488 1372
1867 1373
3370 1374
5429 1375
1791 1376
2646 1377
2688 1378
4276 1379
4795 1380
2415 1381
2657 1382
2807 1383
4451 1384
145 1385
1387 1386
230 1387
4922 1388
3533 1389
3276 1390
5991 1391
5262 1392
3602 1393
1214 1394
237 1395
170 1396
3643 1397
4885 1398
4968 1399
5976 1400
1922 1401
4068 1402
120 1403
2498 1404
683 1405
1652 1406
5536 1407
4932 1408
2254 1409
2566 1410
3985 1411
4393 1412
4506 1413
2076 1414
3342 1415
952 1416
1633 1417
788 1418
3992 1419
2520 1420
4144 1421
3657 1422
4837 1423
2341 1424
3788 1425
4818 1426
5081 1427
4967 1428
476 1429
1045 1430
3697 1431
2106 1432
2286 1433
5622 1434
1363 1435
5779 1436
1614 1437
201 1438
5156 1439
3240 1440
4876 1441
5737 1442
5904 1443
5660 1444
2096 1445
3766 1446
1797 1447
5454 1448
317 1449
3762 1450
3174 1451
6035 1452
2400 1453
3844 1454
1525 1455
2216 1456
4574 1457
704 1458
2067 1459
1327 1460
126 1461
1132 1462
688 1463
849 1464
953 1465
3083 1466
1382 1467
101 1468
1741 1469
3729 1470
5730 1471
1183 1472
3994 1473
4847 1474
4427 1475
1515 1476
2678 1477
665 1478
1742 1479
2634 1480
2050 1481
3504 1482
1634 1483
3397 1484
2442 1485
2888 1486
871 1487
3415 1488
5110 1489
1251 1490
5340 1491
3986 1492
3495 1493
5339 1494
1962 1495
2873 1496
1453 1497
1458 1498
4520 1499
677 1500
2439 1501
592 1502
3698 1503
872 1504
4836 1505
437 1506
6003 1507
387 1508
2894 1509
3332 1510
2095 1511
2574 1512
4571 1513
2243 1514
3383 1515
4058 1516
5553 1517
2802 1518
2809 1519
5306 1520
3983 1521
5176 1522
1724 1523
1988 1524
4260 1525
4996 1526
5455 1527
2535 1528
4263 1529
3375 1530
3449 1531
937 1532
4941 1533
4370 1534
1246 1535
5057 1536
2379 1537
5578 1538
1449 1539
5609 1540
3580 1541
1787 1542
710 1543
4102 1544
5541 1545
3996 1546
1222 1547
895 1548
5411 1549
5656 1550
1407 1551
3645 1552
5887 1553
2852 1554
823 1555
5759 1556
1445 1557
4414 1558
279 1559
2047 1560
4748 1561
1331 1562
893 1563
466 1564
1545 1565
56 1566
5741 1567
3911 1568
949 1569
841 1570
4773 1571
4921 1572
1211 1573
2081 1574
4701 1575
4521 1576
5523 1577
3820 1578
2639 1579
5973 1580
1704 1581
5641 1582
93 1583
6007 1584
709 1585
5261 1586
1571 1587
2656 1588
5286 1589
4834 1590
929 1591
4139 1592
3628 1593
5916 1594
1039 1595
5918 1596
1536 1597
3367 1598
3566 1599
4434 1600
5876 1601
388 1602
5989 1603
2694 1604
2037 1605
5310 1606
3213 1607
1593 1608
885 1609
4212 1610
3210 1611
5733 1612
4017 1613
490 1614
4800 1615
472 1616
1941 1617
3775 1618
955 1619
2257 1620
1000 1621
4969 1622
5038 1623
1686 1624
2754 1625
3305 1626
5797 1627
4360 1628
4811 1629
3340 1630
5507 1631
1688 1632
90 1633
1913 1634
1224 1635
4691 1636
4288 1637
2127 1638
880 1639
2311 1640
3900 1641
1872 1642
570 1643
3396 1644
517 1645
1165 1646
4783 1647
5710 1648
3796 1649
144 1650
3826 1651
733 1652
4650 1653
5669 1654
2391 1655
3346 1656
3188 1657
1543 1658
2152 1659
2939 1660
3391 1661
116 1662
3500 1663
27 1664
1676 1665
4958 1666
392 1667
2373 1668
3473 1669
5680 1670
3687 1671
1547 1672
1075 1673
2999 1674
2306 1675
3452 1676
1232 1677
1843 1678
2581 1679
4261 1680
1573 1681
3696 1682
1975 1683
5106 1684
5159 1685
4573 1686
1017 1687
4802 1688
1627 1689
3862 1690
691 1691
2474 1692
4452 1693
3644 1694
199 1695
528 1696
2157 1697
2184 1698
1984 1699
1642 1700
4726 1701
1793 1702
1490 1703
5527 1704
4785 1705
3470 1706
2968 1707
4313 1708
4493 1709
920 1710
4208 1711
1796 1712
4947 1713
5889 1714
5599 1715
2757 1716
4439 1717
5667 1718
3186 1719
4501 1720
4380 1721
601 1722
328 1723
2860 1724
17 1725
5780 1726
664 1727
1448 1728
822 1729
689 1730
429 1731
1439 1732
4771 1733
784 1734
3632 1735
5802 1736
1504 1737
3794 1738
1961 1739
1773 1740
3441 1741
6006 1742
5183 1743
3955 1744
5037 1745
3317 1746
4168 1747
5816 1748
1687 1749
273 1750
4186 1751
938 1752
81 1753
1306 1754
4297 1755
1937 1756
493 1757
3178 1758
4270 1759
3088 1760
3398 1761
1699 1762
4018 1763
2813 1764
258 1765
4315 1766
4753 1767
2725 1768
4396 1769
2752 1770
2044 1771
4279 1772
605 1773
4510 1774
865 1775
5941 1776
5120 1777
3101 1778
1952 1779
460 1780
3574 1781
1580 1782
4162 1783
1434 1784
4855 1785
655 1786
2417 1787
1481 1788
2839 1789
5485 1790
4539 1791
5971 1792
3591 1793
5608 1794
3032 1795
470 1796
414 1797
2981 1798
5651 1799
3064 1800
2203 1801
2375 1802
4171 1803
4626 1804
2226 1805
4707 1806
2424 1807
378 1808
2929 1809
5493 1810
1170 1811
419 1812
143 1813
4984 1814
5090 1815
3318 1816
1335 1817
288 1818
3094 1819
2120 1820
2259 1821
299 1822
4294 1823
5472 1824
971 1825
5642 1826
5195 1827
4536 1828
397 1829
6038 1830
4262 1831
1785 1832
5170 1833
3402 1834
4145 1835
911 1836
4044 1837
2992 1838
5856 1839
2010 1840
2471 1841
1987 1842
1417 1843
5332 1844
5519 1845
2111 1846
4244 1847
2665 1848
4120 1849
5072 1850
624 1851
1758 1852
491 1853
393 1854
4334 1855
5464 1856
998 1857
2562 1858
2901 1859
2704 1860
4702 1861
6030 1862
4508 1863
984 1864
3752 1865
318 1866
4379 1867
2195 1868
2015 1869
3717 1870
5345 1871
635 1872
847 1873
1602 1874
2418 1875
2933 1876
4545 1877
494 1878
4385 1879
183 1880
524 1881
2970 1882
5928 1883
3066 1884
888 1885
3809 1886
3277 1887
5708 1888
347 1889
6023 1890
2024 1891
3926 1892
646 1893
4477 1894
3686 1895
5445 1896
537 1897
1118 1898
5174 1899
1425 1900
3030 1901
372 1902
763 1903
5016 1904
3724 1905
1565 1906
3808 1907
1215 1908
4157 1909
4648 1910
198 1911
6029 1912
4314 1913
1061 1914
4688 1915
3281 1916
4556 1917
4233 1918
1648 1919
2610 1920
563 1921
1377 1922
772 1923
1041 1924
2964 1925
1736 1926
3515 1927
3884 1928
401 1929
1233 1930
3203 1931
4750 1932
3488 1933
5418 1934
2748 1935
4517 1936
4098 1937
2321 1938
2366 1939
4049 1940
682 1941
4005 1942
1287 1943
616 1944
1625 1945
4311 1946
758 1947
970 1948
5205 1949
135 1950
1125 1951
2737 1952
4274 1953
1419 1954
3419 1955
746 1956
987 1957
1754 1958
2260 1959
3137 1960
3199 1961
5728 1962
5901 1963
3126 1964
3556 1965
1663 1966
1994 1967
5080 1968
735 1969
2781 1970
3716 1971
4499 1972
2977 1973
1917 1974
5324 1975
2848 1976
4683 1977
3421 1978
4118 1979
645 1980
2595 1981
1718 1982
5201 1983
2998 1984
4779 1985
2916 1986
580 1987
4830 1988
1396 1989
2440 1990
1158 1991
463 1992
3151 1993
1901 1994
857 1995
816 1996
4160 1997
2056 1998
3044 1999
5030 2000
1695 2001
3379 2002
3215 2003
2066 2004
5807 2005
1639 2006
1956 2007
3523 2008
824 2009
5153 2010
5607 2011
5363 2012
5139 2013
3630 2014
5192 2015
412 2016
1359 2017
4646 2018
2227 2019
3709 2020
807 2021
5885 2022
4373 2023
5246 2024
5238 2025
4656 2026
2817 2027
1658 2028
3852 2029
3905 2030
5203 2031
500 2032
3139 2033
5022 2034
2074 2035
1226 2036
1085 2037
1496 2038
1934 2039
3999 2040
204 2041
5877 2042
403 2043
334 2044
2029 2045
2573 2046
2116 2047
5065 2048
3855 2049
1024 2050
3893 2051
4762 2052
3551 2053
2273 2054
866 2055
3041 2056
5076 2057
4894 2058
648 2059
2630 2060
4819 2061
448 2062
4808 2063
3870 2064
1018 2065
4848 2066
5818 2067
2264 2068
1235 2069
4986 2070
5476 2071
2230 2072
1471 2073
439 2074
1188 2075
4544 2076
5331 2077
3851 2078
2386 2079
1288 2080
3649 2081
23 2082
4060 2083
5019 2084
5046 2085
2805 2086
1059 2087
2898 2088
3619 2089
66 2090
2909 2091
2041 2092
4117 2093
4296 2094
3505 2095
3777 2096
3518 2097
2516 2098
3676 2099
1767 2100
2673 2101
3295 2102
3573 2103
1093 2104
1043 2105
2370 2106
2745 2107
1367 2108
2332 2109
2882 2110
3206 2111
5002 2112
4127 2113
2653 2114
3651 2115
2780 2116
3977 2117
1620 2118
4386 2119
3349 2120
3702 2121
5688 2122
3043 2123
4679 2124
2325 2125
5197 2126
3028 2127
3123 2128
3759 2129
471 2130
5755 2131
162 2132
5005 2133
1914 2134
1468 2135
2550 2136
4101 2137
296 2138
2994 2139
1556 2140
4423 2141
5409 2142
693 2143
2603 2144
3805 2145
687 2146
1491 2147
2801 2148
4624 2149
5615 2150
3439 2151
3184 2152
5601 2153
690 2154
4853 2155
2731 2156
4156 2157
2110 2158
1508 2159
4522 2160
2715 2161
4161 2162
2225 2163
2867 2164
4255 2165
2830 2166
1532 2167
2633 2168
5915 2169
3087 2170
3503 2171
1068 2172
5483 2173
1329 2174
2645 2175
190 2176
337 2177
5223 2178
169 2179
5630 2180
4142 2181
2671 2182
2773 2183
3225 2184
5791 2185
141 2186
5881 2187
4448 2188
3453 2189
3590 2190
5112 2191
5023 2192
2408 2193
1624 2194
5366 2195
621 2196
5400 2197
642 2198
3001 2199
698 2200
4338 2201
4006 2202
4424 2203
3589 2204
193 2205
818 2206
956 2207
5693 2208
5972 2209
3785 2210
139 2211
1769 2212
1220 2213
3722 2214
1813 2215
4931 2216
5438 2217
4345 2218
2761 2219
2092 2220
2911 2221
1109 2222
5511 2223
1199 2224
3437 2225
2923 2226
3940 2227
5793 2228
1459 2229
3802 2230
1178 2231
3739 2232
3923 2233
2584 2234
5006 2235
5473 2236
803 2237
3569 2238
3873 2239
4813 2240
2018 2241
3906 2242
2524 2243
3005 2244
1362 2245
2280 2246
40 2247
3254 2248
2528 2249
333 2250
4111 2251
1426 2252
1607 2253
2612 2254
5628 2255
295 2256
1710 2257
2843 2258
2261 2259
5088 2260
5798 2261
5413 2262
3512 2263
5446 2264
5210 2265
5101 2266
5643 2267
4733 2268
2711 2269
4948 2270
1095 2271
1493 2272
4450 2273
5309 2274
2856 2275
481 2276
1732 2277
891 2278
5706 2279
4797 2280
3519 2281
3611 2282
4119 2283
4661 2284
1840 2285
3553 2286
4482 2287
2736 2288
1522 2289
4759 2290
1537 2291
4188 2292
1364 2293
4198 2294
3510 2295
1794 2296
1209 2297
5909 2298
2903 2299
3162 2300
4421 2301
2800 2302
4659 2303
5555 2304
3266 2305
3455 2306
2555 2307
5398 2308
749 2309
3497 2310
2073 2311
2316 2312
5157 2313
2636 2314
2443 2315
85 2316
800 2317
3015 2318
5987 2319
2609 2320
265 2321
2958 2322
5582 2323
1817 2324
1973 2325
4085 2326
282 2327
63 2328
3022 2329
3750 2330
301 2331
5907 2332
3038 2333
3170 2334
6024 2335
5013 2336
5591 2337
950 2338
1563 2339
5898 2340
5883 2341
1495 2342
1308 2343
3742 2344
5832 2345
375 2346
5997 2347
2175 2348
261 2349
1345 2350
957 2351
2129 2352
836 2353
168 2354
4218 2355
2638 2356
979 2357
2815 2358
4349 2359
4169 2360
5095 2361
3175 2362
2356 2363
587 2364
5666 2365
2183 2366
3405 2367
1966 2368
281 2369
3007 2370
4593 2371
2709 2372
3389 2373
509 2374
1707 2375
3167 2376
3023 2377
3667 2378
2309 2379
3538 2380
3444 2381
1868 2382
4481 2383
4341 2384
3270 2385
697 2386
5823 2387
4377 2388
2383 2389
2279 2390
5646 2391
2338 2392
4283 2393
1474 2394
2724 2395
4667 2396
839 2397
3927 2398
4557 2399
1919 2400
3845 2401
4823 2402
1026 2403
3353 2404
3606 2405
1104 2406
5880 2407
1590 2408
1725 2409
2236 2410
5838 2411
4534 2412
5817 2413
5066 2414
4924 2415
2088 2416
531 2417
1066 2418
701 2419
4598 2420
3842 2421
5540 2422
1278 2423
4616 2424
3432 2425
5229 2426
3086 2427
5040 2428
593 2429
5927 2430
2518 2431
5515 2432
2456 2433
2324 2434
626 2435
4229 2436
3689 2437
443 2438
3757 2439
4109 2440
2866 2441
5858 2442
5180 2443
5964 2444
1665 2445
787 2446
3941 2447
825 2448
3011 2449
1124 2450
2130 2451
5426 2452
1869 2453
1989 2454
2359 2455
3711 2456
4684 2457
3801 2458
4622 2459
4755 2460
5930 2461
519 2462
1060 2463
4975 2464
718 2465
901 2466
1184 2467
2020 2468
599 2469
771 2470
986 2471
3563 2472
5984 2473
29 2474
4280 2475
604 2476
3458 2477
3485 2478
417 2479
5864 2480
1202 2481
5269 2482
4051 2483
4583 2484
2343 2485
4572 2486
2768 2487
3288 2488
171 2489
254 2490
256 2491
5214 2492
3617 2493
543 2494
5158 2495
3268 2496
2563 2497
4290 2498
3080 2499
1931 2500
1475 2501
932 2502
24 2503
2944 2504
1071 2505
657 2506
4071 2507
1110 2508
3969 2509
5119 2510
3741 2511
1293 2512
284 2513
669 2514
5178 2515
1463 2516
3558 2517
1270 2518
2030 2519
3306 2520
1070 2521
2925 2522
278 2523
1550 2524
1119 2525
2393 2526
1010 2527
4064 2528
4014 2529
2771 2530
2791 2531
5773 2532
2539 2533
1035 2534
2117 2535
4965 2536
4112 2537
4138 2538
4 2539
786 2540
2750 2541
963 2542
3061 2543
4692 2544
4575 2545
3103 2546
4390 2547
2276 2548
4912 2549
2060 2550
1892 2551
4472 2552
4038 2553
1036 2554
6027 2555
2963 2556
123 2557
4026 2558
2177 2559
1670 2560
3118 2561
5327 2562
4652 2563
4210 2564
3165 2565
3836 2566
1863 2567
1881 2568
5200 2569
1503 2570
1358 2571
3121 2572
4110 2573
3552 2574
3726 2575
5632 2576
5809 2577
1760 2578
3727 2579
3472 2580
4681 2581
5161 2582
2208 2583
5586 2584
4987 2585
3965 2586
2561 2587
4249 2588
3319 2589
2368 2590
4555 2591
5282 2592
4870 2593
940 2594
5677 2595
2294 2596
6000 2597
853 2598
3230 2599
2141 2600
2 2601
3069 2602
2541 2603
3250 2604
4035 2605
3274 2606
1811 2607
719 2608
5516 2609
102 2610
1924 2611
2450 2612
5175 2613
4751 2614
3416 2615
366 2616
5123 2617
5105 2618
4831 2619
2269 2620
1578 2621
5341 2622
4003 2623
1864 2624
1812 2625
3296 2626
3514 2627
3350 2628
5270 2629
684 2630
2094 2631
236 2632
3806 2633
796 2634
2499 2635
4901 2636
4471 2637
5560 2638
3581 2639
861 2640
1408 2641
3468 2642
673 2643
1512 2644
335 2645
1960 2646
3009 2647
5056 2648
5416 2649
1974 2650
2738 2651
1047 2652
3620 2653
2022 2654
1494 2655
3564 2656
4010 2657
4107 2658
589 2659
5361 2660
4685 2661
2407 2662
1770 2663
1430 2664
2509 2665
4067 2666
3914 2667
4614 2668
5594 2669
2687 2670
1281 2671
5267 2672
898 2673
547 2674
3712 2675
5452 2676
3715 2677
4790 2678
2149 2679
4512 2680
6020 2681
5168 2682
165 2683
2847 2684
4974 2685
3866 2686
4177 2687
3835 2688
186 2689
371 2690
479 2691
3816 2692
114 2693
5543 2694
1930 2695
3562 2696
3707 2697
4717 2698
1616 2699
5484 2700
2042 2701
474 2702
1048 2703
741 2704
4372 2705
1939 2706
4333 2707
2340 2708
5404 2709
3214 2710
1365 2711
5469 2712
461 2713
1207 2714
1907 2715
5707 2716
173 2717
2035 2718
4936 2719
197 2720
3219 2721
229 2722
3351 2723
4412 2724
5084 2725
1800 2726
3840 2727
5388 2728
1575 2729
5892 2730
1646 2731
5191 2732
967 2733
4528 2734
3237 2735
4332 2736
1156 2737
5462 2738
2797 2739
3420 2740
3646 2741
5054 2742
511 2743
4533 2744
4460 2745
4577 2746
2682 2747
2194 2748
2119 2749
4217 2750
4329 2751
4710 2752
3251 2753
2850 2754
2905 2755
2178 2756
274 2757
4812 2758
1366 2759
3507 2760
5748 2761
3381 2762
3701 2763
3304 2764
5368 2765
95 2766
2985 2767
1595 2768
167 2769
4050 2770
3501 2771
5595 2772
1297 2773
574 2774
4933 2775
5116 2776
5450 2777
320 2778
5812 2779
110 2780
513 2781
912 2782
4478 2783
990 2784
3309 2785
4030 2786
113 2787
671 2788
1647 2789
4012 2790
3493 2791
5377 2792
3919 2793
5146 2794
3176 2795
4943 2796
3922 2797
3920 2798
1750 2799
3903 2800
2662 2801
5004 2802
4456 2803
1237 2804
5545 2805
231 2806
2190 2807
3187 2808
5475 2809
1735 2810
1887 2811
3746 2812
3037 2813
837 2814
4806 2815
3778 2816
4492 2817
3548 2818
3677 2819
4240 2820
1631 2821
5647 2822
1948 2823
31 2824
1334 2825
332 2826
4114 2827
327 2828
1664 2829
4851 2830
3303 2831
163 2832
4957 2833
4846 2834
2677 2835
3196 2836
1343 2837
2355 2838
2841 2839
2845 2840
4073 2841
280 2842
4839 2843
202 2844
4115 2845
4185 2846
4866 2847
935 2848
5166 2849
4640 2850
2347 2851
4069 2852
2430 2853
4561 2854
879 2855
2987 2856
3138 2857
5692 2858
1756 2859
4230 2860
5765 2861
4232 2862
2746 2863
2496 2864
3925 2865
3931 2866
4843 2867
5726 2868
4745 2869
2330 2870
1844 2871
3634 2872
3780 2873
2729 2874
1654 2875
3725 2876
3026 2877
2486 2878
628 2879
1909 2880
3436 2881
2713 2882
4199 2883
3779 2884
4977 2885
1828 2886
5537 2887
395 2888
5929 2889
2890 2890
98 2891
916 2892
5307 2893
5091 2894
4926 2895
6039 2896
5018 2897
3236 2898
3951 2899
1805 2900
2593 2901
2556 2902
5695 2903
1050 2904
2353 2905
2564 2906
5502 2907
179 2908
4619 2909
2061 2910
1656 2911
5787 2912
21 2913
2168 2914
4780 2915
1731 2916
157 2917
220 2918
4526 2919
792 2920
2794 2921
676 2922
5568 2923
2134 2924
3908 2925
5786 2926
1349 2927
551 2928
4849 2929
3109 2930
2224 2931
3222 2932
400 2933
5771 2934
3918 2935
2105 2936
3831 2937
1880 2938
907 2939
2345 2940
1660 2941
5163 2942
496 2943
207 2944
2447 2945
483 2946
3610 2947
5815 2948
3156 2949
1054 2950
2165 2951
5075 2952
4820 2953
4934 2954
2154 2955
5769 2956
964 2957
5271 2958
3961 2959
2328 2960
783 2961
5969 2962
708 2963
4265 2964
1328 2965
2979 2966
2914 2967
1788 2968
438 2969
1197 2970
3605 2971
1533 2972
4716 2973
2229 2974
4515 2975
2827 2976
3363 2977
725 2978
2651 2979
568 2980
1130 2981
1194 2982
2648 2983
632 2984
4422 2985
1394 2986
2836 2987
3145 2988
5322 2989
529 2990
1078 2991
1436 2992
2819 2993
1241 2994
5242 2995
4878 2996
2298 2997
2406 2998
1875 2999
4184 3000
203 3001
1850 3002
3647 3003
4247 3004
5292 3005
5761 3006
2305 3007
1808 3008
1265 3009
368 3010
3357 3011
5565 3012
2908 3013
5045 3014
4231 3015
1402 3016
3425 3017
54 3018
1163 3019
3025 3020
516 3021
4729 3022
2336 3023
3980 3024
4623 3025
1492 3026
3561 3027
4361 3028
5917 3029
3325 3030
4388 3031
5347 3032
2681 3033
1101 3034
4542 3035
4133 3036
2672 3037
469 3038
5259 3039
5422 3040
5308 3041
3718 3042
68 3043
3910 3044
4784 3045
5211 3046
4032 3047
5850 3048
4754 3049
1354 3050
2431 3051
5826 3052
3248 3053
2973 3054
3769 3055
1028 3056
2789 3057
3960 3058
238 3059
5939 3060
5049 3061
357 3062
3016 3063
5612 3064
2142 3065
177 3066
4469 3067
2435 3068
4391 3069
2871 3070
232 3071
5190 3072
3283 3073
326 3074
441 3075
3299 3076
5011 3077
4535 3078
3180 3079
283 3080
3435 3081
4293 3082
2144 3083
4321 3084
1175 3085
5287 3086
4505 3087
1682 3088
2769 3089
2547 3090
2344 3091
1057 3092
1088 3093
3052 3094
2697 3095
3728 3096
809 3097
321 3098
5846 3099
5848 3100
504 3101
330 3102
2660 3103
922 3104
3571 3105
737 3106
5610 3107
1176 3108
2833 3109
349 3110
2255 3111
4550 3112
1141 3113
1744 3114
1450 3115
4087 3116
3699 3117
1572 3118
1976 3119
5711 3120
3078 3121
1116 3122
5202 3123
993 3124
5149 3125
1683 3126
1612 3127
2054 3128
5399 3129
1997 3130
1014 3131
3401 3132
5681 3133
5092 3134
2726 3135
5167 3136
1267 3137
864 3138
2164 3139
3917 3140
2052 3141
4651 3142
548 3143
3560 3144
1517 3145
2667 3146
1052 3147
4016 3148
3172 3149
3892 3150
1836 3151
2167 3152
4730 3153
647 3154
4130 3155
1833 3156
2266 3157
142 3158
3291 3159
3457 3160
5318 3161
4113 3162
4039 3163
2525 3164
2335 3165
4576 3166
2690 3167
132 3168
4466 3169
1022 3170
3459 3171
3584 3172
4718 3173
658 3174
1915 3175
369 3176
878 3177
2296 3178
4687 3179
4081 3180
1264 3181
5510 3182
1097 3183
2644 3184
5372 3185
1427 3186
4935 3187
4775 3188
560 3189
5700 3190
5868 3191
3098 3192
4269 3193
270 3194
4454 3195
2019 3196
2480 3197
5956 3198
4686 3199
2534 3200
3607 3201
315 3202
5684 3203
4908 3204
795 3205
75 3206
829 3207
5633 3208
2814 3209
5391 3210
562 3211
253 3212
817 3213
1689 3214
1077 3215
2470 3216
4663 3217
2577 3218
2084 3219
1835 3220
3122 3221
3233 3222
1284 3223
1252 3224
2506 3225
394 3226
3499 3227
6034 3228
3592 3229
4445 3230
4816 3231
4309 3232
3934 3233
5845 3234
1203 3235
2118 3236
2272 3237
3878 3238
2377 3239
4418 3240
5093 3241
1775 3242
3198 3243
3294 3244
3997 3245
2605 3246
3665 3247
5325 3248
287 3249
312 3250
3253 3251
3302 3252
5946 3253
1747 3254
1944 3255
2399 3256
4796 3257
3693 3258
5538 3259
4124 3260
1765 3261
1086 3262
1548 3263
748 3264
945 3265
4809 3266
5657 3267
5836 3268
5960 3269
4907 3270
5126 3271
1820 3272
2388 3273
294 3274
3674 3275
2626 3276
1465 3277
1126 3278
867 3279
5592 3280
96 3281
2912 3282
660 3283
5952 3284
4194 3285
1698 3286
4325 3287
2429 3288
2795 3289
4887 3290
4821 3291
5563 3292
2670 3293
3110 3294
1129 3295
4075 3296
2503 3297
6009 3298
2796 3299
2477 3300
1679 3301
5302 3302
2078 3303
5756 3304
3854 3305
832 3306
4674 3307
3228 3308
5697 3309
5405 3310
46 3311
5754 3312
1816 3313
636 3314
5390 3315
3290 3316
3070 3317
4136 3318
3902 3319
277 3320
4303 3321
3474 3322
4842 3323
5729 3324
810 3325
2904 3326
303 3327
1072 3328
5828 3329
2576 3330
5558 3331
1696 3332
5132 3333
1951 3334
3793 3335
3107 3336
3390 3337
2960 3338
2549 3339
4826 3340
2816 3341
5719 3342
2810 3343
2472 3344
5108 3345
4838 3346
1487 3347
2354 3348
2765 3349
1160 3350
4675 3351
3314 3352
3127 3353
407 3354
1657 3355
5772 3356
5069 3357
1544 3358
4532 3359
2412 3360
127 3361
5102 3362
1210 3363
5736 3364
4937 3365
1865 3366
4435 3367
3637 3368
761 3369
1589 3370
4002 3371
2598 3372
5978 3373
5854 3374
3684 3375
3735 3376
1706 3377
5899 3378
367 3379
1527 3380
4925 3381
4988 3382
1006 3383
882 3384
870 3385
2171 3386
1738 3387
1764 3388
2222 3389
3133 3390
459 3391
581 3392
2240 3393
2055 3394
4715 3395
2395 3396
4358 3397
3828 3398
549 3399
1261 3400
629 3401
2026 3402
3534 3403
1483 3404
5855 3405
1376 3406
3360 3407
2507 3408
2196 3409
863 3410
3382 3411
5003 3412
2966 3413
1510 3414
2919 3415
2083 3416
4024 3417
2446 3418
6010 3419
2620 3420
794 3421
4134 3422
5470 3423
962 3424
1115 3425
4343 3426
4582 3427
699 3428
3832 3429
2635 3430
5343 3431
5999 3432
454 3433
2708 3434
3595 3435
4353 3436
4719 3437
5926 3438
5121 3439
1729 3440
1230 3441
3545 3442
2732 3443
4693 3444
234 3445
3648 3446
1147 3447
5140 3448
5768 3449
5494 3450
526 3451
4286 3452
2588 3453
2428 3454
6017 3455
3975 3456
1841 3457
1276 3458
5115 3459
3194 3460
2265 3461
4708 3462
1146 3463
2943 3464
1669 3465
5712 3466
5326 3467
5489 3468
1802 3469
4993 3470
5354 3471
5995 3472
2983 3473
1963 3474
1650 3475
5682 3476
4404 3477
2339 3478
4703 3479
982 3480
1697 3481
4131 3482
4180 3483
2123 3484
5042 3485
617 3486
3529 3487
1324 3488
5676 3489
3229 3490
3189 3491
1181 3492
1777 3493
2278 3494
3959 3495
662 3496
4190 3497
1644 3498
346 3499
3374 3500
842 3501
4489 3502
3211 3503
4592 3504
1446 3505
5897 3506
1553 3507
1649 3508
4089 3509
4509 3510
1266 3511
1600 3512
5794 3513
4547 3514
218 3515
4227 3516
1666 3517
2607 3518
1958 3519
5566 3520
5386 3521
5602 3522
16 3523
3609 3524
5548 3525
5330 3526
1221 3527
2822 3528
3819 3529
5640 3530
3095 3531
2239 3532
4389 3533
3373 3534
3385 3535
1737 3536
1228 3537
5830 3538
5936 3539
2235 3540
1889 3541
1032 3542
3148 3543
2051 3544
540 3545
4480 3546
3158 3547
996 3548
2640 3549
527 3550
1179 3551
625 3552
564 3553
4781 3554
5570 3555
5704 3556
1201 3557
2858 3558
3280 3559
1256 3560
533 3561
5776 3562
1002 3563
4140 3564
4065 3565
4420 3566
5349 3567
5982 3568
3072 3569
206 3570
4397 3571
1772 3572
2937 3573
5304 3574
539 3575
3004 3576
3475 3577
4568 3578
2920 3579
1784 3580
1755 3581
8 3582
5100 3583
2798 3584
4658 3585
1106 3586
2320 3587
5435 3588
3173 3589
2975 3590
1898 3591
2949 3592
2718 3593
1552 3594
3008 3595
2422 3596
4552 3597
2954 3598
3287 3599
2838 3600
1826 3601
1498 3602
3386 3603
456 3604
138 3605
428 3606
5664 3607
41 3608
4173 3609
467 3610
267 3611
860 3612
3642 3613
609 3614
164 3615
1429 3616
4763 3617
3929 3618
2820 3619
1212 3620
4287 3621
404 3622
1428 3623
3471 3624
585 3625
3341 3626
4920 3627
4342 3628
5358 3629
80 3630
5129 3631
3744 3632
451 3633
4884 3634
1786 3635
2449 3636
2982 3637
4671 3638
5185 3639
1905 3640
3024 3641
3516 3642
487 3643
5849 3644
4998 3645
4351 3646
584 3647
850 3648
2124 3649
1431 3650
5408 3651
498 3652
5813 3653
5334 3654
4782 3655
136 3656
3763 3657
5234 3658
523 3659
2978 3660
5970 3661
3858 3662
151 3663
5130 3664
610 3665
6001 3666
5283 3667
4591 3668
1594 3669
5060 3670
3085 3671
350 3672
2957 3673
352 3674
3114 3675
1357 3676
3995 3677
5785 3678
2953 3679
790 3680
1878 3681
3033 3682
2755 3683
3554 3684
692 3685
3511 3686
255 3687
4128 3688
1815 3689
1290 3690
3297 3691
1409 3692
1562 3693
4565 3694
323 3695
2451 3696
3368 3697
3557 3698
2727 3699
3598 3700
4507 3701
200 3702
6037 3703
5852 3704
1902 3705
3486 3706
3410 3707
3939 3708
5668 3709
2488 3710
5089 3711
4929 3712
819 3713
2038 3714
69 3715
2523 3716
4562 3717
4444 3718
2475 3719
4226 3720
1008 3721
5337 3722
4312 3723
4523 3724
5715 3725
582 3726
73 3727
685 3728
1091 3729
5169 3730
4630 3731
3403 3732
1191 3733
1910 3734
4991 3735
2403 3736
74 3737
2048 3738
1321 3739
1441 3740
1395 3741
2032 3742
2962 3743
4137 3744
353 3745
2972 3746
5449 3747
1610 3748
4720 3749
3964 3750
3872 3751
695 3752
3894 3753
3841 3754
1192 3755
2628 3756
1280 3757
566 3758
5499 3759
5873 3760
5125 3761
1630 3762
1675 3763
506 3764
4193 3765
4150 3766
4327 3767
4196 3768
104 3769
1529 3770
4223 3771
3247 3772
1381 3773
5471 3774
4487 3775
1667 3776
3738 3777
5196 3778
2205 3779
1309 3780
2438 3781
4746 3782
5374 3783
2961 3784
4714 3785
5439 3786
5357 3787
2484 3788
3586 3789
4584 3790
4216 3791
5376 3792
1874 3793
3093 3794
5605 3795
2560 3796
1076 3797
5151 3798
2599 3799
2494 3800
2107 3801
3129 3802
2297 3803
1318 3804
750 3805
4046 3806
440 3807
4859 3808
4953 3809
5886 3810
724 3811
1978 3812
457 3813
3568 3814
5208 3815
5784 3816
4264 3817
3640 3818
5933 3819
473 3820
1159 3821
1320 3822
1980 3823
2831 3824
868 3825
2501 3826
1139 3827
1337 3828
5098 3829
4909 3830
3700 3831
4339 3832
264 3833
3723 3834
5749 3835
2448 3836
752 3837
5597 3838
3834 3839
4375 3840
3059 3841
3284 3842
1814 3843
5392 3844
1369 3845
4497 3846
1171 3847
1979 3848
5767 3849
4727 3850
4282 3851
488 3852
1761 3853
4072 3854
4566 3855
1347 3856
4543 3857
4728 3858
2615 3859
4660 3860
2028 3861
140 3862
4744 3863
2770 3864
2602 3865
1406 3866
3555 3867
37 3868
205 3869
5414 3870
489 3871
3950 3872
1437 3873
3823 3874
2040 3875
5811 3876
2889 3877
2859 3878
6036 3879
1586 3880
2865 3881
553 3882
5689 3883
1456 3884
3976 3885
4419 3886
5986 3887
3773 3888
3232 3889
2087 3890
1033 3891
5614 3892
1701 3893
4964 3894
2192 3895
3469 3896
10 3897
3633 3898
1690 3899
623 3900
4705 3901
2102 3902
2313 3903
5985 3904
2493 3905
2219 3906
4888 3907
4989 3908
2416 3909
2655 3910
358 3911
4055 3912
2823 3913
2508 3914
1460 3915
5524 3916
5963 3917
3451 3918
5557 3919
4676 3920
1113 3921
1539 3922
374 3923
3478 3924
4132 3925
1904 3926
608 3927
1862 3928
1728 3929
2487 3930
1069 3931
2295 3932
3014 3933
3321 3934
7 3935
1375 3936
6016 3937
3226 3938
4289 3939
4961 3940
427 3941
2014 3942
4962 3943
5879 3944
1555 3945
5008 3946
2608 3947
4886 3948
1538 3949
2553 3950
745 3951
5342 3952
1899 3953
4757 3954
2308 3955
4807 3956
3161 3957
3817 3958
3120 3959
4590 3960
1896 3961
4654 3962
3705 3963
5974 3964
598 3965
5919 3966
2832 3967
1291 3968
406 3969
2186 3970
2258 3971
4740 3972
276 3973
1965 3974
667 3975
5219 3976
1025 3977
897 3978
4086 3979
4292 3980
60 3981
3289 3982
3946 3983
2284 3984
4251 3985
4766 3986
2207 3987
3641 3988
2945 3989
5216 3990
5182 3991
1452 3992
1403 3993
3092 3994
1173 3995
5348 3996
309 3997
3730 3998
2544 3999
5258 4000
4167 4001
5114 4002
4982 4003
4116 4004
1148 4005
3071 4006
779 4007
2426 4008
3635 4009
5299 4010
510 4011
4774 4012
3369 4013
214 4014
5276 4015
3310 4016
1307 4017
1920 4018
3079 4019
4599 4020
2199 4021
694 4022
2017 4023
1534 4024
2467 4025
3536 4026
1740 4027
2148 4028
5613 4029
3747 4030
485 4031
1823 4032
5474 4033
2303 4034
1162 4035
1469 4036
1566 4037
2548 4038
3462 4039
3827 4040
1029 4041
435 4042
554 4043
2785 4044
3865 4045
1149 4046
5800 4047
3217 4048
5321 4049
3053 4050
3861 4051
290 4052
2720 4053
1084 4054
319 4055
362 4056
4337 4057
1003 4058
2514 4059
5074 4060
4825 4061
674 4062
1302 4063
3768 4064
271 4065
4938 4066
2511 4067
1703 4068
2497 4069
1461 4070
1042 4071
1144 4072
6022 4073
4013 4074
2350 4075
72 4076
3703 4077
4461 4078
5598 4079
813 4080
1885 4081
5079 4082
1519 4083
3804 4084
444 4085
2189 4086
3081 4087
2530 4088
3454 4089
4304 4090
989 4091
26 4092
3200 4093
4433 4094
5383 4095
4778 4096
5551 4097
1243 4098
728 4099
1273 4100
2069 4101
3708 4102
5921 4103
602 4104
380 4105
4978 4106
2478 4107
4898 4108
1107 4109
1348 4110
3275 4111
416 4112
947 4113
5895 4114
2049 4115
5745 4116
3336 4117
4266 4118
5252 4119
5147 4120
1451 4121
3456 4122
2948 4123
558 4124
3559 4125
5977 4126
1081 4127
5143 4128
18 4129
1981 4130
4411 4131
2274 4132
2684 4133
4383 4134
1340 4135
859 4136
1355 4137
3492 4138
1443 4139
5360 4140
597 4141
5965 4142
1234 4143
432 4144
4092 4145
3671 4146
3447 4147
2772 4148
5617 4149
2115 4150
3285 4151
1766 4152
2557 4153
1719 4154
3062 4155
4429 4156
2538 4157
3813 4158
1435 4159
2629 4160
247 4161
5141 4162
3448 4163
924 4164
1478 4165
4442 4166
5401 4167
1821 4168
925 4169
2741 4170
1619 4171
3089 4172
497 4173
4822 4174
1584 4175
2835 4176
3315 4177
835 4178
1034 4179
805 4180
2322 4181
5466 4182
5460 4183
4804 4184
3131 4185
4999 4186
174 4187
1080 4188
3990 4189
4407 4190
1641 4191
622 4192
1716 4193
1995 4194
4527 4195
5421 4196
5395 4197
2445 4198
5145 4199
1806 4200
5888 4201
975 4202
5874 4203
2232 4204
754 4205
840 4206
696 4207
4242 4208
4896 4209
3144 4210
3091 4211
1464 4212
5968 4213
575 4214
3141 4215
1953 4216
3743 4217
3790 4218
235 4219
3323 4220
297 4221
571 4222
2996 4223
5160 4224
5788 4225
2326 4226
1789 4227
5579 4228
2997 4229
3970 4230
5231 4231
3372 4232
2389 4233
381 4234
2132 4235
2792 4236
107 4237
2590 4238
2485 4239
603 4240
310 4241
2969 4242
5497 4243
211 4244
3301 4245
5424 4246
4569 4247
4670 4248
4057 4249
5593 4250
3822 4251
3216 4252
1720 4253
3060 4254
5590 4255
3621 4256
2390 4257
4742 4258
152 4259
1928 4260
4531 4261
3209 4262
5805 4263
2064 4264
121 4265
1315 4266
2988 4267
3073 4268
2990 4269
1839 4270
3944 4271
5517 4272
2103 4273
723 4274
1374 4275
5249 4276
4430 4277
5840 4278
5463 4279
3932 4280
1807 4281
2231 4282
3829 4283
679 4284
5451 4285
773 4286
3371 4287
959 4288
1967 4289
180 4290
2872 4291
3465 4292
1891 4293
2135 4294
1413 4295
5230 4296
1245 4297
2740 4298
742 4299
4178 4300
5866 4301
5861 4302
3618 4303
846 4304
2065 4305
855 4306
4074 4307
344 4308
2710 4309
5496 4310
5294 4311
4594 4312
370 4313
2650 4314
706 4315
3791 4316
5073 4317
308 4318
4739 4319
5533 4320
3260 4321
3853 4322
386 4323
42 4324
4928 4325
2701 4326
5315 4327
4524 4328
3604 4329
1432 4330
5789 4331
2766 4332
2559 4333
4490 4334
1484 4335
988 4336
514 4337
3205 4338
1049 4339
5658 4340
5225 4341
1186 4342
3411 4343
5275 4344
3286 4345
3334 4346
4749 4347
3789 4348
637 4349
3734 4350
2540 4351
2319 4352
4906 4353
2637 4354
1037 4355
1818 4356
2751 4357
3464 4358
5760 4359
1356 4360
5415 4361
5113 4362
4883 4363
3159 4364
3352 4365
5954 4366
995 4367
3956 4368
1700 4369
1763 4370
1299 4371
5250 4372
3713 4373
2221 4374
2312 4375
1637 4376
1884 4377
5206 4378
2173 4379
1310 4380
4000 4381
4103 4382
484 4383
3125 4384
5436 4385
1635 4386
2876 4387
2283 4388
5465 4389
5654 4390
1877 4391
2125 4392
4346 4393
2693 4394
2846 4395
5618 4396
243 4397
5752 4398
4824 4399
5853 4400
2333 4401
1013 4402
2301 4403
4106 4404
1370 4405
4159 4406
5441 4407
4369 4408
619 4409
3807 4410
536 4411
5492 4412
5193 4413
86 4414
5423 4415
5694 4416
3531 4417
3328 4418
4001 4419
649 4420
3422 4421
4737 4422
672 4423
4496 4424
2787 4425
1467 4426
1087 4427
2091 4428
606 4429
4698 4430
1213 4431
103 4432
5025 4433
5661 4434
5209 4435
4413 4436
5525 4437
2179 4438
5801 4439
5865 4440
974 4441
5026 4442
4384 4443
2533 4444
2136 4445
3530 4446
5920 4447
5953 4448
951 4449
3440 4450
2952 4451
475 4452
3539 4453
4511 4454
239 4455
5777 4456
3067 4457
3147 4458
2242 4459
1587 4460
1074 4461
6032 4462
2185 4463
3394 4464
5606 4465
3324 4466
5447 4467
4995 4468
48 4469
5674 4470
1999 4471
4845 4472
1597 4473
4403 4474
5871 4475
477 4476
1708 4477
2874 4478
1908 4479
28 4480
1628 4481
2112 4482
5600 4483
5338 4484
5957 4485
4182 4486
257 4487
4537 4488
2138 4489
2128 4490
921 4491
3664 4492
4696 4493
3273 4494
3871 4495
1180 4496
4770 4497
4151 4498
4340 4499
219 4500
324 4501
4852 4502
3146 4503
1570 4504
6004 4505
5328 4506
3480 4507
875 4508
3108 4509
4213 4510
4603 4511
5221 4512
6011 4513
5635 4514
2837 4515
2747 4516
5333 4517
3347 4518
3891 4519
3772 4520
1303 4521
2695 4522
900 4523
2349 4524
4197 4525
1223 4526
3540 4527
1762 4528
2967 4529
3491 4530
707 4531
4154 4532
5869 4533
3660 4534
3446 4535
3692 4536
5048 4537
1248 4538
926 4539
4990 4540
3572 4541
4828 4542
453 4543
1269 4544
4586 4545
2895 4546
4777 4547
3639 4548
4322 4549
4254 4550
3517 4551
3825 4552
3197 4553
1218 4554
2618 4555
5278 4556
1330 4557
2384 4558
2669 4559
4175 4560
2762 4561
1114 4562
4541 4563
87 4564
1567 4565
2855 4566
5665 4567
1873 4568
2374 4569
3670 4570
1262 4571
2263 4572
3776 4573
675 4574
1011 4575
2402 4576
2875 4577
4916 4578
2663 4579
2369 4580
3761 4581
5273 4582
2193 4583
2380 4584
5430 4585
5344 4586
2774 4587
5226 4588
384 4589
5425 4590
4519 4591
5232 4592
4765 4593
5531 4594
2679 4595
5500 4596
4305 4597
84 4598
2891 4599
58 4600
2864 4601
759 4602
4985 4603
1454 4604
1391 4605
3335 4606
4864 4607
2241 4608
1581 4609
2292 4610
3267 4611
1723 4612
1339 4613
3384 4614
1911 4615
905 4616
1421 4617
3252 4618
1385 4619
3307 4620
3654 4621
2617 4622
4979 4623
3614 4624
2918 4625
4020 4626
3179 4627
3359 4628
3740 4629
3326 4630
4400 4631
2849 4632
1613 4633
4095 4634
5526 4635
5228 4636
4486 4637
1480 4638
408 4639
210 4640
4235 4641
1338 4642
3843 4643
345 4644
5979 4645
3048 4646
4504 4647
1300 4648
1254 4649
2926 4650
5520 4651
3732 4652
776 4653
3466 4654
3036 4655
1004 4656
5371 4657
977 4658
122 4659
3888 4660
3868 4661
4374 4662
2288 4663
2045 4664
505 4665
5281 4666
2302 4667
1108 4668
118 4669
3344 4670
2892 4671
2133 4672
4170 4673
2777 4674
2880 4675
19 4676
2459 4677
5297 4678
3418 4679
3366 4680
196 4681
4741 4682
5506 4683
5434 4684
1289 4685
3916 4686
338 4687
92 4688
3731 4689
3524 4690
3201 4691
1189 4692
5721 4693
2191 4694
4840 4695
4155 4696
2730 4697
1852 4698
3223 4699
5687 4700
3414 4701
3244 4702
2293 4703
4897 4704
1350 4705
5279 4706
3577 4707
1336 4708
5034 4709
410 4710
1333 4711
1933 4712
5260 4713
1341 4714
3733 4715
266 4716
3616 4717
4893 4718
1073 4719
4437 4720
5122 4721
5427 4722
1344 4723
304 4724
5303 4725
591 4726
4236 4727
4214 4728
4436 4729
5323 4730
4580 4731
1692 4732
4479 4733
3798 4734
2317 4735
71 4736
3542 4737
12 4738
2900 4739
2131 4740
1929 4741
2238 4742
834 4743
652 4744
2993 4745
2492 4746
5577 4747
2934 4748
3076 4749
2887 4750
791 4751
2357 4752
3031 4753
2537 4754
4221 4755
5010 4756
5012 4757
3272 4758
4880 4759
5556 4760
831 4761
160 4762
5280 4763
713 4764
2658 4765
5924 4766
4201 4767
2614 4768
768 4769
5806 4770
4904 4771
1140 4772
4743 4773
1998 4774
3695 4775
1912 4776
2885 4777
4104 4778
3543 4779
4905 4780
4525 4781
1239 4782
2834 4783
2955 4784
1486 4785
3112 4786
2012 4787
1959 4788
3365 4789
2763 4790
3650 4791
2775 4792
2870 4793
1927 4794
2716 4795
194 4796
965 4797
5844 4798
5690 4799
4950 4800
1985 4801
4164 4802
3027 4803
1102 4804
1142 4805
2505 4806
3993 4807
3345 4808
1238 4809
915 4810
20 4811
39 4812
4037 4813
5932 4814
5133 4815
743 4816
3601 4817
4330 4818
2075 4819
3239 4820
954 4821
1900 4822
5068 4823
4927 4824
5842 4825
3224 4826
1557 4827
1007 4828
3400 4829
377 4830
2285 4831
3278 4832
686 4833
2483 4834
3800 4835
634 4836
2034 4837
5320 4838
4094 4839
1746 4840
595 4841
4336 4842
2145 4843
3241 4844
1414 4845
1168 4846
1157 4847
1216 4848
1940 4849
436 4850
4638 4851
3271 4852
2811 4853
2686 4854
3063 4855
5587 4856
4093 4857
1592 4858
421 4859
933 4860
5245 4861
5241 4862
2337 4863
34 4864
3749 4865
4224 4866
5532 4867
1606 4868
4275 4869
5820 4870
3874 4871
3119 4872
5021 4873
3308 4874
88 4875
50 4876
4258 4877
3327 4878
5814 4879
2455 4880
1730 4881
5859 4882
2089 4883
4052 4884
2676 4885
2652 4886
5027 4887
1677 4888
5509 4889
611 4890
1662 4891
5503 4892
1694 4893
4514 4894
3603 4895
4440 4896
2068 4897
596 4898
1943 4899
1172 4900
2372 4901
5041 4902
5417 4903
5903 4904
4025 4905
105 4906
3487 4907
233 4908
6031 4909
5620 4910
1027 4911
124 4912
2784 4913
1848 4914
2033 4915
1208 4916
5870 4917
4438 4918
3150 4919
1368 4920
3982 4921
889 4922
4697 4923
1250 4924
1313 4925
4189 4926
340 4927
5567 4928
2007 4929
4268 4930
4129 4931
3261 4932
3130 4933
1596 4934
65 4935
2182 4936
4048 4937
1489 4938
874 4939
5212 4940
5257 4941
1053 4942
5604 4943
382 4944
433 4945
2432 4946
5433 4947
5944 4948
1542 4949
4153 4950
5937 4951
3463 4952
5070 4953
3863 4954
1574 4955
365 4956
5550 4957
5821 4958
2756 4959
2463 4960
2046 4961
5356 4962
1653 4963
251 4964
3748 4965
5735 4966
5397 4967
2974 4968
4394 4969
4099 4970
1778 4971
5199 4972
4219 4973
1383 4974
3003 4975
5456 4976
5420 4977
2003 4978
213 4979
4392 4980
904 4981
4516 4982
3751 4983
3765 4984
1569 4985
1618 4986
1204 4987
5679 4988
1851 4989
3100 4990
1837 4991
5077 4992
5385 4993
1774 4994
1672 4995
5588 4996
1957 4997
612 4998
1415 4999
1523 5000
2691 5001
5528 5002
2342 5003
1757 5004
5996 5005
5061 5006
4324 5007
5457 5008
5266 5009
5050 5010
3837 5011
1514 5012
1134 5013
5925 5014
1560 5015
5410 5016
5990 5017
5255 5018
1890 5019
2739 5020
3915 5021
5757 5022
894 5023
3393 5024
3879 5025
6028 5026
1799 5027
968 5028
5184 5029
4455 5030
4944 5031
4695 5032
4625 5033
4915 5034
1638 5035
272 5036
3535 5037
51 5038
4709 5039
3376 5040
4215 5041
1117 5042
3821 5043
633 5044
2098 5045
1322 5046
5188 5047
4354 5048
3074 5049
3890 5050
1636 5051
242 5052
4076 5053
2150 5054
1603 5055
3889 5056
2009 5057
5268 5058
285 5059
79 5060
1685 5061
3683 5062
0 5063
973 5064
445 5065
1861 5066
1895 5067
5922 5068
2515 5069
1440 5070
5432 5071
2591 5072
5482 5073
379 5074
1661 5075
434 5076
5253 5077
1993 5078
2363 5079
1247 5080
5222 5081
5444 5082
2151 5083
3049 5084
2924 5085
3897 5086
4722 5087
4271 5088
2862 5089
5440 5090
241 5091
4301 5092
1058 5093
5670 5094
249 5095
1275 5096
4483 5097
62 5098
2237 5099
821 5100
2575 5101
3526 5102
4123 5103
4578 5104
2090 5105
503 5106
3924 5107
2289 5108
2619 5109
4538 5110
4195 5111
828 5112
1715 5113
1520 5114
3483 5115
4649 5116
656 5117
4711 5118
4682 5119
3760 5120
4636 5121
1608 5122
2398 5123
413 5124
5857 5125
269 5126
5064 5127
2425 5128
3781 5129
2685 5130
4618 5131
4083 5132
4764 5133
780 5134
298 5135
765 5136
3875 5137
4645 5138
5152 5139
3587 5140
306 5141
1726 5142
5564 5143
5480 5144
3629 5145
2039 5146
5103 5147
2217 5148
5770 5149
1651 5150
405 5151
3745 5152
1112 5153
2043 5154
4470 5155
3987 5156
2155 5157
1681 5158
3958 5159
5136 5160
705 5161
4378 5162
399 5163
5148 5164
734 5165
4059 5166
3481 5167
936 5168
450 5169
3054 5170
4863 5171
2512 5172
5285 5173
2877 5174
3720 5175
5714 5176
3000 5177
3020 5178
5020 5179
4446 5180
654 5181
1351 5182
361 5183
4495 5184
1629 5185
981 5186
1019 5187
5958 5188
4858 5189
1418 5190
3212 5191
4635 5192
4761 5193
2396 5194
2457 5195
4856 5196
4992 5197
411 5198
1561 5199
2689 5200
5720 5201
726 5202
5263 5203
4873 5204
4146 5205
4328 5206
389 5207
425 5208
1996 5209
2361 5210
2930 5211
1326 5212
4022 5213
4563 5214
3234 5215
5653 5216
1105 5217
2744 5218
1150 5219
2625 5220
4892 5221
1145 5222
4668 5223
364 5224
3525 5225
4295 5226
1859 5227
2788 5228
3058 5229
3429 5230
5835 5231
78 5232
1229 5233
5442 5234
5746 5235
3265 5236
4368 5237
3477 5238
5181 5239
4148 5240
4468 5241
4241 5242
495 5243
4895 5244
4970 5245
3116 5246
1524 5247
3532 5248
5204 5249
2517 5250
3936 5251
4406 5252
4317 5253
4147 5254
532 5255
2989 5256
521 5257
3737 5258
426 5259
2153 5260
3513 5261
5043 5262
826 5263
4559 5264
5942 5265
3876 5266
4919 5267
5024 5268
3249 5269
4601 5270
1942 5271
2079 5272
4078 5273
182 5274
4789 5275
4879 5276
4596 5277
1390 5278
4827 5279
2597 5280
2001 5281
115 5282
2861 5283
5934 5284
4277 5285
789 5286
3057 5287
1856 5288
1711 5289
3190 5290
5138 5291
499 5292
5576 5293
4245 5294
3192 5295
468 5296
2543 5297
4588 5298
4844 5299
4854 5300
5796 5301
1549 5302
2423 5303
2251 5304
2995 5305
1138 5306
5336 5307
1847 5308
4401 5309
5394 5310
2743 5311
4426 5312
4641 5313
1136 5314
5443 5315
482 5316
2021 5317
3408 5318
5448 5319
4045 5320
3193 5321
5675 5322
3846 5323
3652 5324
4615 5325
3243 5326
3690 5327
111 5328
5649 5329
3719 5330
2287 5331
3362 5332
3104 5333
4457 5334
910 5335
5908 5336
2536 5337
4367 5338
5370 5339
398 5340
3099 5341
2661 5342
3343 5343
3355 5344
2641 5345
188 5346
769 5347
1240 5348
5387 5349
3154 5350
442 5351
1516 5352
2147 5353
3311 5354
313 5355
3484 5356
5173 5357
1386 5358
1412 5359
2594 5360
5300 5361
512 5362
1513 5363
1831 5364
5778 5365
462 5366
2554 5367
4772 5368
2299 5369
221 5370
3045 5371
3901 5372
3358 5373
2696 5374
3612 5375
1312 5376
5983 5377
5194 5378
5017 5379
3945 5380
3132 5381
5461 5382
5162 5383
3337 5384
755 5385
2382 5386
1540 5387
4881 5388
359 5389
3380 5390
223 5391
5459 5392
4467 5393
5227 5394
3784 5395
4096 5396
5709 5397
3962 5398
3106 5399
5186 5400
3142 5401
3450 5402
5155 5403
4756 5404
45 5405
3227 5406
1410 5407
5905 5408
100 5409
1558 5410
3989 5411
128 5412
1133 5413
3208 5414
4183 5415
5574 5416
5486 5417
2211 5418
3896 5419
5583 5420
2140 5421
576 5422
2202 5423
5810 5424
3356 5425
4090 5426
1353 5427
5923 5428
820 5429
4972 5430
3933 5431
6012 5432
873 5433
2631 5434
3537 5435
1507 5436
5505 5437
4165 5438
4211 5439
6 5440
1798 5441
15 5442
4963 5443
4291 5444
2826 5445
2166 5446
812 5447
641 5448
1295 5449
3957 5450
5763 5451
4653 5452
1810 5453
5781 5454
2381 5455
1094 5456
4567 5457
3974 5458
325 5459
3221 5460
2170 5461
2376 5462
2404 5463
3177 5464
1733 5465
4882 5466
5539 5467
5571 5468
3952 5469
2419 5470
4723 5471
2828 5472
53 5473
1972 5474
4415 5475
702 5476
927 5477
4207 5478
1257 5479
2371 5480
4079 5481
4923 5482
5314 5483
1286 5484
4007 5485
5891 5486
360 5487
4643 5488
4564 5489
4902 5490
1502 5491
1674 5492
4758 5493
1783 5494
4786 5495
4459 5496
4609 5497
5393 5498
1992 5499
1579 5500
1154 5501
5766 5502
1559 5503
946 5504
3135 5505
4597 5506
3963 5507
2008 5508
4518 5509
1298 5510
5317 5511
2031 5512
2139 5513
3631 5514
5683 5515
1926 5516
2206 5517
4484 5518
2093 5519
3811 5520
2352 5521
4647 5522
4204 5523
644 5524
3928 5525
3494 5526
5150 5527
5581 5528
1332 5529
4794 5530
3786 5531
1177 5532
5723 5533
914 5534
5561 5535
5518 5536
2244 5537
3588 5538
4891 5539
1680 5540
1832 5541
3898 5542
3508 5543
715 5544
1501 5545
4063 5546
680 5547
1511 5548
5992 5549
586 5550
4589 5551
1372 5552
5893 5553
4787 5554
2621 5555
3039 5556
2172 5557
3490 5558
5837 5559
158 5560
4248 5561
5082 5562
4637 5563
2965 5564
5701 5565
1258 5566
1702 5567
3662 5568
1352 5569
3899 5570
4246 5571
1360 5572
1705 5573
3576 5574
4428 5575
6033 5576
32 5577
3622 5578
3430 5579
1373 5580
4502 5581
331 5582
2758 5583
3388 5584
4284 5585
5135 5586
5389 5587
1792 5588
717 5589
854 5590
191 5591
5078 5592
1946 5593
3930 5594
2212 5595
3392 5596
3839 5597
590 5598
189 5599
3814 5600
4752 5601
5055 5602
827 5603
3597 5604
4365 5605
289 5606
2521 5607
2268 5608
1582 5609
2616 5610
3661 5611
2749 5612
941 5613
2351 5614
4874 5615
4817 5616
3636 5617
5213 5618
5111 5619
4704 5620
2804 5621
4122 5622
418 5623
4021 5624
4973 5625
5085 5626
4608 5627
1040 5628
4126 5629
1790 5630
4458 5631
176 5632
4633 5633
2104 5634
4331 5635
3263 5636
3857 5637
2256 5638
5154 5639
5036 5640
4203 5641
5144 5642
5782 5643
1422 5644
852 5645
2863 5646
1871 5647
1968 5648
5827 5649
424 5650
1397 5651
943 5652
2585 5653
3877 5654
2072 5655
2586 5656
4983 5657
5569 5658
3433 5659
2719 5660
5044 5661
2526 5662
631 5663
1015 5664
3721 5665
5747 5666
3339 5667
2070 5668
567 5669
5727 5670
322 5671
3978 5672
5884 5673
5047 5674
2005 5675
351 5676
3627 5677
5362 5678
5573 5679
1282 5680
5764 5681
225 5682
1200 5683
2469 5684
2779 5685
4529 5686
5291 5687
2844 5688
3431 5689
4491 5690
934 5691
1401 5692
1739 5693
5603 5694
4225 5695
1301 5696
1111 5697
5624 5698
1447 5699
802 5700
2583 5701
2310 5702
1482 5703
892 5704
557 5705
5284 5706
5906 5707
2825 5708
4243 5709
4344 5710
2162 5711
1438 5712
2674 5713
4143 5714
1164 5715
5382 5716
3242 5717
1285 5718
1378 5719
4611 5720
1809 5721
4731 5722
869 5723
99 5724
1601 5725
2931 5726
2897 5727
6015 5728
1855 5729
1804 5730
5014 5731
5824 5732
5993 5733
2881 5734
785 5735
1609 5736
3968 5737
2360 5738
5107 5739
716 5740
91 5741
396 5742
2910 5743
659 5744
844 5745
1044 5746
4788 5747
732 5748
1509 5749
1938 5750
3792 5751
125 5752
1950 5753
2282 5754
3869 5755
184 5756
240 5757
260 5758
4861 5759
4960 5760
2246 5761
55 5762
373 5763
3482 5764
1819 5765
942 5766
2705 5767
4666 5768
2271 5769
1853 5770
35 5771
2568 5772
6026 5773
1673 5774
208 5775
2531 5776
3758 5777
997 5778
1824 5779
1100 5780
3991 5781
4077 5782
2004 5783
2601 5784
721 5785
730 5786
2197 5787
2495 5788
3333 5789
6018 5790
5833 5791
1727 5792
731 5793
3182 5794
4981 5795
4202 5796
2249 5797
2473 5798
390 5799
1598 5800
877 5801
2367 5802
1393 5803
3521 5804
3202 5805
1217 5806
2570 5807
2427 5808
3413 5809
5094 5810
2580 5811
2346 5812
4310 5813
1187 5814
5795 5815
3921 5816
112 5817
1945 5818
3668 5819
4366 5820
4239 5821
753 5822
1780 5823
5355 5824
5530 5825
1591 5826
559 5827
4070 5828
756 5829
5172 5830
5375 5831
228 5832
5000 5833
552 5834
1196 5835
4363 5836
4600 5837
4398 5838
3002 5839
4023 5840
1970 5841
2759 5842
5699 5843
4453 5844
2666 5845
764 5846
668 5847
5559 5848
3943 5849
5256 5850
4513 5851
5380 5852
2156 5853
4062 5854
2053 5855
3166 5856
3316 5857
4549 5858
3496 5859
3423 5860
2869 5861
5352 5862
1274 5863
149 5864
4352 5865
944 5866
3656 5867
546 5868
329 5869
5663 5870
1283 5871
811 5872
1155 5873
4405 5874
4011 5875
3954 5876
4174 5877
2490 5878
4431 5879
5171 5880
1304 5881
2097 5882
355 5883
1894 5884
760 5885
3264 5886
2491 5887
4257 5888
3378 5889
3259 5890
2623 5891
848 5892
5691 5893
2778 5894
2942 5895
5961 5896
5631 5897
2941 5898
1316 5899
2209 5900
3883 5901
6025 5902
928 5903
59 5904
5931 5905
291 5906
747 5907
2728 5908
3460 5909
5028 5910
3476 5911
2675 5912
5083 5913
777 5914
2980 5915
2698 5916
1982 5917
5822 5918
939 5919
1605 5920
5215 5921
5428 5922
1822 5923
4166 5924
4302 5925
5177 5926
909 5927
3623 5928
1123 5929
4355 5930
3682 5931
1693 5932
3783 5933
1714 5934
1645 5935
5713 5936
5621 5937
3438 5938
2529 5939
402 5940
1753 5941
478 5942
1916 5943
2627 5944
4500 5945
5585 5946
3810 5947
4628 5948
4253 5949
4503 5950
5686 5951
4799 5952
2233 5953
1399 5954
1384 5955
700 5956
2857 5957
3565 5958
2122 5959
3461 5960
5949 5961
5935 5962
4088 5963
1838 5964
3666 5965
4721 5966
3594 5967
192 5968
1259 5969
3850 5970
2434 5971
2582 5972
2000 5973
3847 5974
573 5975
5659 5976
2016 5977
5001 5978
4149 5979
2420 5980
3502 5981
1626 5982
3017 5983
5552 5984
2466 5985
1096 5986
1473 5987
5867 5988
2799 5989
727 5990
1166 5991
5863 5992
1857 5993
607 5994
4141 5995
4602 5996
1564 5997
992 5998
6013 5999
2664 6000
5875 6001
2114 6002
3600 6003
2027 6004
1709 6005
5637 6006
1521 6007
1092 6008
4706 6009
1462 6010
3912 6011
3764 6012
594 6013
2783 6014
2327 6015
1305 6016
262 6017
356 6018
948 6019
2444 6020
2902 6021
3706 6022
5248 6023
3714 6024
1830 6025
1361 6026
518 6027
3624 6028
4734 6029
1416 6030
890 6031
2624 6032
2915 6033
1621 6034
1089 6035
5264 6036
781 6037
3300 6038
4278 6039
