org_id remap_id
966 0
4128 1
4254 2
2105 3
503 4
44 5
2379 6
5073 7
2815 8
990 9
5329 10
5775 11
3738 12
4097 13
403 14
4522 15
5147 16
443 17
2326 18
12 19
2977 20
3416 21
2340 22
4323 23
5460 24
635 25
736 26
3827 27
4697 28
5812 29
5123 30
3912 31
1768 32
4560 33
665 34
5586 35
4757 36
3313 37
1548 38
2829 39
3159 40
336 41
4070 42
346 43
511 44
3817 45
181 46
1672 47
2645 48
2063 49
1314 50
5196 51
3477 52
1219 53
2466 54
5719 55
4863 56
4148 57
2596 58
4527 59
3498 60
629 61
4865 62
3994 63
4287 64
1817 65
3653 66
902 67
4939 68
5099 69
2986 70
4936 71
4247 72
5544 73
5443 74
3638 75
951 76
2624 77
2956 78
2142 79
4122 80
4925 81
5666 82
5858 83
5515 84
2477 85
248 86
3923 87
5878 88
179 89
804 90
2606 91
3133 92
3229 93
1153 94
3269 95
3017 96
3291 97
5335 98
2341 99
5316 100
3845 101
486 102
1661 103
5867 104
231 105
3138 106
3171 107
4723 108
5534 109
2164 110
5713 111
4283 112
3990 113
5379 114
2159 115
2209 116
5340 117
397 118
4693 119
5055 120
4081 121
1590 122
5999 123
500 124
3323 125
1761 126
5076 127
3330 128
1027 129
825 130
4766 131
1433 132
3426 133
4610 134
4740 135
2944 136
4768 137
977 138
294 139
18 140
3433 141
5671 142
2246 143
5414 144
3042 145
480 146
4832 147
2562 148
2620 149
5777 150
4504 151
4554 152
2035 153
4359 154
973 155
1037 156
5535 157
1529 158
5247 159
5195 160
516 161
300 162
1799 163
2489 164
3791 165
3055 166
488 167
1946 168
5707 169
4747 170
796 171
3 172
4413 173
4907 174
5889 175
2641 176
2547 177
204 178
3198 179
1603 180
4549 181
1695 182
3644 183
758 184
5804 185
4898 186
2742 187
3618 188
5574 189
4782 190
199 191
4338 192
3586 193
4356 194
1460 195
5264 196
587 197
4170 198
4956 199
841 200
470 201
3746 202
4652 203
4657 204
3972 205
2144 206
2933 207
5960 208
3691 209
3694 210
3149 211
1261 212
3883 213
4672 214
1687 215
3735 216
3952 217
4564 218
2109 219
3466 220
5074 221
5993 222
4875 223
1024 224
5632 225
2558 226
2163 227
2789 228
722 229
4295 230
3543 231
657 232
1553 233
5435 234
4806 235
1775 236
4476 237
5670 238
995 239
2227 240
3076 241
4143 242
441 243
924 244
855 245
251 246
330 247
3431 248
2414 249
4912 250
5356 251
5124 252
5596 253
588 254
2458 255
4517 256
5102 257
3222 258
3488 259
513 260
3755 261
1906 262
3721 263
1836 264
2716 265
1573 266
2655 267
3795 268
605 269
2433 270
5012 271
1664 272
2198 273
2946 274
216 275
4221 276
5830 277
5758 278
3646 279
2520 280
1097 281
3420 282
4105 283
2511 284
5612 285
3226 286
2107 287
288 288
3696 289
2513 290
5764 291
974 292
1616 293
2301 294
5662 295
3973 296
5079 297
1210 298
5697 299
1139 300
3864 301
5528 302
1512 303
4709 304
5876 305
400 306
2627 307
1201 308
3449 309
3375 310
4556 311
1875 312
3261 313
5105 314
6020 315
2303 316
1303 317
494 318
4986 319
1152 320
5358 321
2504 322
5269 323
5616 324
2571 325
373 326
5850 327
4607 328
2339 329
2823 330
3169 331
1083 332
1827 333
3442 334
5083 335
1186 336
4512 337
149 338
3389 339
4656 340
2974 341
3264 342
164 343
5538 344
2746 345
1797 346
4470 347
5813 348
1144 349
1268 350
4039 351
4264 352
4172 353
3580 354
4082 355
0 356
6016 357
4324 358
2350 359
3366 360
1564 361
4790 362
4972 363
4532 364
5669 365
2249 366
4242 367
4308 368
4420 369
2631 370
1888 371
2965 372
2858 373
1221 374
4695 375
2005 376
4382 377
2136 378
1254 379
2780 380
4459 381
4424 382
4036 383
5896 384
5392 385
1129 386
1082 387
4292 388
5442 389
3317 390
3485 391
505 392
2633 393
5590 394
1871 395
5325 396
423 397
3126 398
810 399
40 400
3744 401
4306 402
1322 403
1507 404
559 405
4028 406
238 407
286 408
1973 409
1716 410
194 411
3552 412
5475 413
2523 414
2658 415
1426 416
2963 417
757 418
2464 419
3354 420
4858 421
39 422
860 423
4404 424
4118 425
1360 426
2723 427
5066 428
2404 429
3768 430
5914 431
1164 432
60 433
1349 434
1841 435
5673 436
160 437
5991 438
2330 439
2821 440
4798 441
5951 442
1686 443
2261 444
4540 445
5141 446
2475 447
5752 448
2838 449
1586 450
1839 451
4059 452
2447 453
370 454
3831 455
3270 456
5567 457
5643 458
2178 459
1234 460
4153 461
1788 462
922 463
2988 464
2878 465
3295 466
3925 467
1280 468
2091 469
5024 470
5633 471
2215 472
3627 473
4637 474
3541 475
249 476
1430 477
1857 478
6010 479
2980 480
1832 481
2611 482
5295 483
5519 484
4877 485
1330 486
5320 487
1519 488
5907 489
3732 490
1072 491
3438 492
3591 493
3565 494
4265 495
240 496
5915 497
829 498
5557 499
882 500
2783 501
3341 502
5583 503
3714 504
6002 505
430 506
5498 507
1478 508
4250 509
3602 510
2125 511
5886 512
684 513
3367 514
2950 515
4451 516
3615 517
2174 518
2629 519
3029 520
1914 521
3879 522
577 523
1396 524
1939 525
1798 526
964 527
1385 528
1580 529
3374 530
455 531
5835 532
2776 533
2676 534
5209 535
994 536
2075 537
1138 538
2810 539
5690 540
3788 541
4615 542
1884 543
1666 544
2070 545
4423 546
5395 547
5866 548
2553 549
4019 550
2179 551
711 552
5540 553
5655 554
271 555
3385 556
5352 557
5905 558
1165 559
4941 560
241 561
5057 562
1069 563
5297 564
2310 565
2796 566
4696 567
5628 568
4679 569
932 570
4206 571
4315 572
139 573
5063 574
1348 575
3282 576
1114 577
5243 578
3026 579
4435 580
3814 581
2680 582
5373 583
3161 584
2889 585
3568 586
1772 587
4055 588
890 589
3782 590
4351 591
1971 592
1067 593
1541 594
95 595
4438 596
10 597
3708 598
2145 599
90 600
774 601
15 602
452 603
4973 604
3298 605
4366 606
5568 607
239 608
2314 609
5928 610
2010 611
2364 612
1449 613
3531 614
4120 615
50 616
2702 617
2905 618
2195 619
4212 620
523 621
5699 622
5462 623
2429 624
5970 625
5417 626
1821 627
3943 628
1859 629
1417 630
375 631
1394 632
3996 633
750 634
332 635
1546 636
3432 637
564 638
603 639
1307 640
16 641
2861 642
805 643
2021 644
4450 645
2859 646
2052 647
4945 648
4706 649
4195 650
2904 651
3619 652
5412 653
1721 654
2424 655
1555 656
3196 657
689 658
1577 659
1683 660
1595 661
5994 662
182 663
1678 664
4959 665
1527 666
1258 667
3464 668
4999 669
3601 670
3254 671
5979 672
4406 673
4258 674
3825 675
3940 676
998 677
3312 678
4511 679
3387 680
4575 681
4919 682
3868 683
1895 684
541 685
5663 686
159 687
1824 688
1175 689
1934 690
2230 691
4159 692
905 693
3174 694
1783 695
5023 696
328 697
198 698
948 699
5138 700
3856 701
4441 702
4048 703
5739 704
729 705
3910 706
4775 707
209 708
3155 709
291 710
3268 711
2902 712
1565 713
2300 714
155 715
4733 716
3750 717
4409 718
3557 719
2391 720
1662 721
5388 722
2041 723
5382 724
2138 725
4494 726
5861 727
2765 728
2524 729
840 730
4126 731
616 732
2117 733
1874 734
2604 735
2085 736
1046 737
1199 738
1453 739
1856 740
5 741
1815 742
1918 743
5169 744
5514 745
4262 746
1052 747
279 748
1368 749
1693 750
3731 751
2128 752
4497 753
2670 754
5240 755
663 756
2727 757
4726 758
1095 759
27 760
4259 761
4183 762
4269 763
4923 764
3351 765
5468 766
1931 767
3068 768
3232 769
4761 770
809 771
2368 772
4537 773
2492 774
3157 775
4471 776
2713 777
5398 778
5040 779
6035 780
4856 781
1393 782
3413 783
5232 784
175 785
2247 786
5390 787
3448 788
1051 789
2025 790
536 791
4387 792
3726 793
2324 794
4995 795
5350 796
5736 797
3773 798
1989 799
3116 800
1622 801
1509 802
507 803
5101 804
1245 805
4444 806
1476 807
4838 808
4596 809
1924 810
798 811
5506 812
306 813
1869 814
1250 815
3490 816
1498 817
3962 818
3995 819
3642 820
3119 821
6008 822
1763 823
2651 824
3010 825
5301 826
4189 827
3350 828
1785 829
4487 830
2782 831
21 832
1941 833
1754 834
3603 835
2387 836
3127 837
5560 838
2135 839
4303 840
359 841
5321 842
4377 843
3777 844
2422 845
4202 846
514 847
1633 848
2157 849
4636 850
1463 851
1739 852
5887 853
498 854
2756 855
930 856
1185 857
3862 858
2260 859
2983 860
5153 861
3337 862
5615 863
3834 864
3951 865
2228 866
5595 867
2263 868
5466 869
5687 870
4591 871
3213 872
341 873
4034 874
5473 875
3427 876
3751 877
3537 878
388 879
5212 880
366 881
5626 882
2728 883
3322 884
3800 885
2622 886
2735 887
3560 888
4456 889
654 890
1485 891
4621 892
1576 893
2824 894
3554 895
4165 896
4841 897
716 898
2634 899
3114 900
1999 901
5432 902
673 903
4643 904
1315 905
2665 906
1878 907
2623 908
1738 909
102 910
2268 911
1794 912
3906 913
2987 914
3641 915
5042 916
419 917
2712 918
368 919
589 920
1468 921
3826 922
444 923
3134 924
5231 925
87 926
5197 927
526 928
1302 929
1873 930
2435 931
4389 932
4176 933
3874 934
5248 935
4011 936
2892 937
3403 938
158 939
1835 940
130 941
555 942
4932 943
2131 944
1992 945
420 946
4927 947
5537 948
630 949
4136 950
3558 951
3521 952
4756 953
1477 954
4778 955
3018 956
4609 957
5260 958
4090 959
5272 960
3786 961
1251 962
5454 963
5020 964
3066 965
5647 966
1013 967
1325 968
5776 969
5327 970
637 971
5650 972
4235 973
4800 974
5871 975
2156 976
1726 977
334 978
2371 979
1301 980
1295 981
2896 982
1340 983
4725 984
80 985
1312 986
2918 987
3671 988
2311 989
1156 990
1365 991
3193 992
1117 993
2372 994
3762 995
5261 996
2777 997
4326 998
6006 999
2619 1000
3219 1001
914 1002
1079 1003
608 1004
2484 1005
1015 1006
3605 1007
1705 1008
4827 1009
1938 1010
2877 1011
1197 1012
5302 1013
4279 1014
1936 1015
1624 1016
4552 1017
4197 1018
5553 1019
4092 1020
1160 1021
972 1022
4924 1023
3078 1024
2007 1025
3860 1026
4842 1027
4975 1028
333 1029
886 1030
1274 1031
521 1032
4137 1033
988 1034
162 1035
2506 1036
1779 1037
3528 1038
656 1039
1057 1040
377 1041
4074 1042
5122 1043
5104 1044
2082 1045
5966 1046
2791 1047
343 1048
3424 1049
3843 1050
5805 1051
3685 1052
4603 1053
5483 1054
5773 1055
3176 1056
5323 1057
3922 1058
3945 1059
5944 1060
1038 1061
3108 1062
1111 1063
2473 1064
633 1065
5607 1066
1682 1067
3654 1068
5695 1069
4171 1070
5676 1071
37 1072
1954 1073
5307 1074
3470 1075
2369 1076
1977 1077
4654 1078
3514 1079
4226 1080
2837 1081
3204 1082
4396 1083
5006 1084
1663 1085
5492 1086
2101 1087
4379 1088
543 1089
5636 1090
4309 1091
2686 1092
2806 1093
2692 1094
5118 1095
3566 1096
3079 1097
127 1098
2613 1099
5103 1100
3707 1101
357 1102
1669 1103
4384 1104
1611 1105
3740 1106
3146 1107
4714 1108
2578 1109
5820 1110
723 1111
133 1112
5430 1113
4231 1114
3574 1115
1847 1116
2653 1117
2741 1118
579 1119
1122 1120
1920 1121
5129 1122
4455 1123
4395 1124
5581 1125
4794 1126
1207 1127
3867 1128
4977 1129
4616 1130
2190 1131
2124 1132
2903 1133
3948 1134
5785 1135
5971 1136
671 1137
1770 1138
2882 1139
1545 1140
1858 1141
5620 1142
4628 1143
5428 1144
4398 1145
2176 1146
2724 1147
956 1148
4648 1149
2587 1150
1332 1151
3479 1152
2465 1153
4642 1154
75 1155
4750 1156
1599 1157
4386 1158
2871 1159
4138 1160
1644 1161
5579 1162
245 1163
3441 1164
1196 1165
2354 1166
5753 1167
1850 1168
5732 1169
5422 1170
4530 1171
2586 1172
2154 1173
3636 1174
2862 1175
3030 1176
4327 1177
5239 1178
3564 1179
4981 1180
1811 1181
4998 1182
545 1183
1597 1184
793 1185
2393 1186
1286 1187
2498 1188
4004 1189
4831 1190
3553 1191
5463 1192
2170 1193
4501 1194
2737 1195
4673 1196
94 1197
3236 1198
5160 1199
5977 1200
4311 1201
6034 1202
2688 1203
1008 1204
623 1205
755 1206
1222 1207
4334 1208
3109 1209
5230 1210
5353 1211
5339 1212
680 1213
4707 1214
868 1215
5171 1216
4147 1217
1533 1218
5987 1219
2573 1220
3999 1221
4801 1222
4746 1223
1796 1224
1077 1225
4093 1226
2251 1227
1060 1228
3569 1229
2016 1230
3061 1231
6004 1232
492 1233
984 1234
835 1235
1885 1236
4632 1237
5565 1238
2914 1239
3754 1240
3989 1241
1110 1242
2863 1243
2037 1244
4343 1245
873 1246
2030 1247
3928 1248
118 1249
4967 1250
2134 1251
35 1252
5916 1253
1700 1254
5698 1255
2288 1256
4505 1257
547 1258
1511 1259
2110 1260
4818 1261
2924 1262
844 1263
3998 1264
4909 1265
2089 1266
2725 1267
5440 1268
1959 1269
4322 1270
2846 1271
3987 1272
955 1273
3658 1274
534 1275
2093 1276
3319 1277
4834 1278
3733 1279
2051 1280
2976 1281
2218 1282
3700 1283
2761 1284
1813 1285
4721 1286
2636 1287
1789 1288
4851 1289
3500 1290
1291 1291
3842 1292
4361 1293
4223 1294
3021 1295
3215 1296
522 1297
975 1298
1972 1299
188 1300
3112 1301
5505 1302
3779 1303
2503 1304
2224 1305
1400 1306
5910 1307
3429 1308
5844 1309
5921 1310
2415 1311
2229 1312
3804 1313
89 1314
847 1315
4434 1316
226 1317
5964 1318
3903 1319
19 1320
3307 1321
1486 1322
1272 1323
961 1324
2910 1325
4878 1326
4515 1327
999 1328
1518 1329
1605 1330
3086 1331
2175 1332
5518 1333
928 1334
691 1335
2283 1336
4345 1337
4281 1338
4499 1339
5792 1340
539 1341
4029 1342
4605 1343
535 1344
3083 1345
5151 1346
482 1347
4222 1348
4053 1349
1759 1350
4098 1351
1262 1352
3519 1353
497 1354
3088 1355
562 1356
5550 1357
3377 1358
5389 1359
387 1360
2814 1361
2931 1362
913 1363
5888 1364
5523 1365
3737 1366
3520 1367
1526 1368
582 1369
5851 1370
4293 1371
3247 1372
5029 1373
2940 1374
4933 1375
5416 1376
1007 1377
4375 1378
2967 1379
4914 1380
3283 1381
1610 1382
3143 1383
831 1384
832 1385
1297 1386
2275 1387
3567 1388
4342 1389
4475 1390
2770 1391
3956 1392
284 1393
4119 1394
5957 1395
3955 1396
598 1397
5621 1398
1910 1399
2762 1400
3063 1401
5684 1402
2923 1403
2733 1404
5238 1405
3309 1406
425 1407
524 1408
3890 1409
4670 1410
5337 1411
5757 1412
3471 1413
6 1414
1390 1415
1023 1416
2486 1417
4689 1418
5401 1419
3085 1420
4570 1421
719 1422
726 1423
2708 1424
4213 1425
4835 1426
2481 1427
838 1428
5508 1429
1489 1430
578 1431
4899 1432
4446 1433
3523 1434
2567 1435
5241 1436
5188 1437
4025 1438
5925 1439
5953 1440
4640 1441
5364 1442
819 1443
1749 1444
2196 1445
5611 1446
606 1447
3547 1448
4192 1449
5700 1450
1985 1451
3084 1452
5949 1453
3144 1454
353 1455
152 1456
138 1457
1200 1458
5892 1459
96 1460
4162 1461
2294 1462
866 1463
5485 1464
4430 1465
2062 1466
4224 1467
2648 1468
176 1469
293 1470
4639 1471
4184 1472
5931 1473
5955 1474
1607 1475
1191 1476
5740 1477
728 1478
3009 1479
5271 1480
2779 1481
712 1482
4737 1483
929 1484
2097 1485
2071 1486
3336 1487
2284 1488
4352 1489
1837 1490
3170 1491
3584 1492
839 1493
3151 1494
1381 1495
2273 1496
4665 1497
4229 1498
1415 1499
3037 1500
5743 1501
4276 1502
1766 1503
5072 1504
3901 1505
1762 1506
5750 1507
1774 1508
4182 1509
5119 1510
3107 1511
2427 1512
4198 1513
2181 1514
3958 1515
881 1516
5808 1517
142 1518
4442 1519
68 1520
5198 1521
1026 1522
1480 1523
3005 1524
1299 1525
916 1526
3538 1527
843 1528
1510 1529
1877 1530
3512 1531
5014 1532
1551 1533
148 1534
2671 1535
3404 1536
4970 1537
769 1538
5651 1539
2304 1540
2183 1541
365 1542
141 1543
2517 1544
1249 1545
5656 1546
4833 1547
1638 1548
1755 1549
1014 1550
4314 1551
478 1552
3230 1553
3081 1554
1028 1555
3689 1556
1540 1557
2390 1558
533 1559
5218 1560
5438 1561
5806 1562
2485 1563
5134 1564
5455 1565
66 1566
4061 1567
1598 1568
5642 1569
642 1570
261 1571
5396 1572
1750 1573
3214 1574
5588 1575
4735 1576
3660 1577
3361 1578
3524 1579
4371 1580
1158 1581
4980 1582
98 1583
5036 1584
3612 1585
591 1586
1318 1587
3977 1588
5478 1589
1525 1590
4793 1591
2526 1592
4871 1593
2278 1594
652 1595
4694 1596
2875 1597
5365 1598
4787 1599
3766 1600
5094 1601
4073 1602
2020 1603
1781 1604
3649 1605
4013 1606
5525 1607
5717 1608
997 1609
4220 1610
1945 1611
2802 1612
4489 1613
1150 1614
5030 1615
4617 1616
3423 1617
1189 1618
2321 1619
1547 1620
727 1621
2382 1622
1404 1623
3412 1624
884 1625
5276 1626
893 1627
1828 1628
783 1629
2952 1630
954 1631
2277 1632
2734 1633
4063 1634
4571 1635
2392 1636
5624 1637
4953 1638
477 1639
1384 1640
678 1641
1464 1642
4251 1643
1192 1644
4397 1645
3352 1646
918 1647
1412 1648
5941 1649
1899 1650
4173 1651
2667 1652
183 1653
6014 1654
4572 1655
1854 1656
1285 1657
5890 1658
1713 1659
2222 1660
3913 1661
4691 1662
2004 1663
1751 1664
2452 1665
246 1666
3376 1667
76 1668
404 1669
4630 1670
1632 1671
762 1672
2281 1673
3692 1674
1711 1675
5351 1676
2332 1677
2009 1678
788 1679
5881 1680
4349 1681
4284 1682
3325 1683
2165 1684
5573 1685
1279 1686
4433 1687
3132 1688
1259 1689
2953 1690
2549 1691
5409 1692
5898 1693
679 1694
5280 1695
3145 1696
122 1697
1113 1698
5648 1699
3286 1700
4161 1701
3529 1702
1594 1703
2960 1704
2672 1705
5578 1706
2148 1707
3368 1708
207 1709
2140 1710
5115 1711
1128 1712
672 1713
3809 1714
1741 1715
312 1716
4114 1717
2357 1718
5265 1719
116 1720
4608 1721
2306 1722
4722 1723
971 1724
3103 1725
2078 1726
2118 1727
3096 1728
3192 1729
4731 1730
1033 1731
1963 1732
935 1733
4918 1734
1271 1735
3798 1736
1132 1737
4687 1738
2853 1739
3265 1740
4479 1741
5474 1742
3904 1743
1 1744
5894 1745
2908 1746
2344 1747
5003 1748
5317 1749
2958 1750
4506 1751
3347 1752
3978 1753
2269 1754
307 1755
4385 1756
135 1757
2356 1758
3439 1759
4762 1760
2628 1761
737 1762
3218 1763
2441 1764
99 1765
2609 1766
773 1767
2425 1768
417 1769
5281 1770
4458 1771
2235 1772
2367 1773
1169 1774
3669 1775
1408 1776
4581 1777
2346 1778
3563 1779
5096 1780
56 1781
5934 1782
2086 1783
4330 1784
4405 1785
5502 1786
3647 1787
876 1788
453 1789
4057 1790
4516 1791
1465 1792
1707 1793
168 1794
3739 1795
5908 1796
165 1797
4091 1798
1022 1799
1520 1800
979 1801
1372 1802
4267 1803
1137 1804
391 1805
985 1806
3946 1807
5829 1808
5047 1809
1364 1810
2177 1811
3578 1812
1733 1813
322 1814
3807 1815
2494 1816
6036 1817
4985 1818
2792 1819
3401 1820
2436 1821
3224 1822
1104 1823
2302 1824
2289 1825
3399 1826
1846 1827
70 1828
3599 1829
467 1830
1896 1831
590 1832
2772 1833
2480 1834
2570 1835
3051 1836
2848 1837
1493 1838
5857 1839
3447 1840
3872 1841
4022 1842
787 1843
4339 1844
273 1845
5371 1846
5675 1847
2996 1848
2440 1849
3650 1850
5225 1851
2726 1852
2507 1853
3434 1854
4915 1855
553 1856
5071 1857
2820 1858
2582 1859
3163 1860
3516 1861
2381 1862
2669 1863
2869 1864
1937 1865
1843 1866
362 1867
1791 1868
1445 1869
3670 1870
2402 1871
4135 1872
4860 1873
1418 1874
1371 1875
1427 1876
2208 1877
3483 1878
2961 1879
3460 1880
953 1881
2554 1882
1955 1883
321 1884
1324 1885
1689 1886
5493 1887
1651 1888
6015 1889
721 1890
5677 1891
2497 1892
3256 1893
1323 1894
2709 1895
215 1896
1358 1897
2258 1898
1782 1899
186 1900
2491 1901
4141 1902
2721 1903
5974 1904
1458 1905
1701 1906
1163 1907
5903 1908
3979 1909
5749 1910
5825 1911
5930 1912
3712 1913
4289 1914
2699 1915
4846 1916
2456 1917
794 1918
1264 1919
2386 1920
5290 1921
782 1922
223 1923
963 1924
2104 1925
3363 1926
4585 1927
5192 1928
5049 1929
5068 1930
4357 1931
4520 1932
296 1933
4644 1934
5911 1935
4464 1936
768 1937
4759 1938
2370 1939
3980 1940
911 1941
1534 1942
3074 1943
3610 1944
2416 1945
2514 1946
812 1947
5516 1948
752 1949
3190 1950
5288 1951
5509 1952
1967 1953
342 1954
5852 1955
5610 1956
2015 1957
3098 1958
3908 1959
337 1960
5738 1961
378 1962
3437 1963
2706 1964
3592 1965
4614 1966
3056 1967
4993 1968
1277 1969
58 1970
1212 1971
2462 1972
3508 1973
5067 1974
2411 1975
6025 1976
2187 1977
1742 1978
5308 1979
4266 1980
4969 1981
2521 1982
2704 1983
6003 1984
3930 1985
3168 1986
1516 1987
2888 1988
3836 1989
1190 1990
5044 1991
4578 1992
4186 1993
5182 1994
3182 1995
4588 1996
5906 1997
5503 1998
1539 1999
2785 2000
3036 2001
3362 2002
4096 2003
1065 2004
4392 2005
3526 2006
2691 2007
4277 2008
790 2009
3974 2010
1145 2011
3382 2012
282 2013
2763 2014
3012 2015
3555 2016
2322 2017
1383 2018
996 2019
4168 2020
4390 2021
5601 2022
5891 2023
1729 2024
54 2025
4634 2026
1649 2027
264 2028
2232 2029
739 2030
1391 2031
3600 2032
2193 2033
254 2034
4870 2035
2834 2036
6011 2037
483 2038
2457 2039
2922 2040
5781 2041
4573 2042
5686 2043
1292 2044
4702 2045
4805 2046
1589 2047
1704 2048
1447 2049
5546 2050
86 2051
1184 2052
568 2053
5711 2054
2913 2055
2748 2056
4132 2057
1263 2058
3655 2059
9 2060
1204 2061
4769 2062
1958 2063
3900 2064
4140 2065
3681 2066
257 2067
4246 2068
256 2069
3783 2070
171 2071
3408 2072
898 2073
3443 2074
305 2075
5031 2076
3285 2077
4071 2078
437 2079
3895 2080
4245 2081
865 2082
1389 2083
2835 2084
2056 2085
4142 2086
302 2087
934 2088
2223 2089
3371 2090
3772 2091
1735 2092
5053 2093
2985 2094
4864 2095
3335 2096
3631 2097
3040 2098
1866 2099
3576 2100
1035 2101
2102 2102
3607 2103
4681 2104
5638 2105
5718 2106
5705 2107
4598 2108
4701 2109
1504 2110
962 2111
1861 2112
775 2113
4067 2114
3767 2115
3093 2116
5266 2117
1407 2118
4965 2119
2790 2120
5913 2121
3876 2122
1450 2123
495 2124
1629 2125
2099 2126
1722 2127
2359 2128
4318 2129
5803 2130
2769 2131
4633 2132
3365 2133
3494 2134
3665 2135
666 2136
5992 2137
4592 2138
834 2139
1892 2140
3801 2141
3237 2142
3209 2143
1497 2144
618 2145
2865 2146
1980 2147
3024 2148
3617 2149
880 2150
2045 2151
2355 2152
2130 2153
5689 2154
5117 2155
3854 2156
676 2157
4622 2158
2539 2159
1807 2160
5065 2161
2690 2162
4590 2163
2951 2164
1242 2165
5328 2166
5762 2167
3760 2168
599 2169
5982 2170
5017 2171
2333 2172
3156 2173
1034 2174
5242 2175
655 2176
3656 2177
3662 2178
5900 2179
837 2180
5309 2181
3274 2182
3462 2183
3474 2184
4508 2185
5996 2186
2568 2187
814 2188
4595 2189
4891 2190
3863 2191
5284 2192
5487 2193
3702 2194
79 2195
4307 2196
5095 2197
2417 2198
316 2199
3289 2200
4900 2201
5140 2202
3550 2203
3118 2204
946 2205
2375 2206
2597 2207
3073 2208
4268 2209
566 2210
1275 2211
2939 2212
687 2213
3544 2214
1336 2215
1891 2216
3259 2217
518 2218
2018 2219
2112 2220
5747 2221
3533 2222
5885 2223
4043 2224
5273 2225
3006 2226
4064 2227
705 2228
1021 2229
4920 2230
1236 2231
258 2232
3717 2233
1550 2234
3227 2235
4463 2236
2955 2237
200 2238
3482 2239
551 2240
625 2241
4095 2242
1618 2243
313 2244
5383 2245
358 2246
849 2247
3983 2248
747 2249
5712 2250
686 2251
1868 2252
3183 2253
776 2254
4553 2255
3837 2256
3124 2257
4940 2258
5305 2259
5883 2260
3573 2261
5823 2262
5726 2263
3703 2264
4807 2265
5113 2266
5904 2267
1098 2268
764 2269
5828 2270
2749 2271
2585 2272
427 2273
725 2274
2028 2275
3929 2276
1834 2277
1495 2278
1769 2279
2160 2280
4803 2281
5543 2282
2989 2283
4468 2284
4544 2285
4662 2286
3184 2287
4742 2288
73 2289
2591 2290
760 2291
4949 2292
1059 2293
3581 2294
5236 2295
2981 2296
1904 2297
4325 2298
1514 2299
5331 2300
5622 2301
5279 2302
714 2303
2328 2304
1194 2305
1641 2306
5415 2307
5766 2308
2551 2309
2531 2310
5917 2311
4437 2312
5932 2313
2674 2314
4239 2315
3467 2316
3917 2317
1030 2318
484 2319
1118 2320
2844 2321
6019 2322
2795 2323
3866 2324
3633 2325
5973 2326
2929 2327
473 2328
409 2329
5946 2330
5411 2331
1953 2332
2668 2333
1901 2334
4753 2335
677 2336
2426 2337
5491 2338
2816 2339
1366 2340
3595 2341
3819 2342
1656 2343
3278 2344
5735 2345
1352 2346
1897 2347
2088 2348
4792 2349
485 2350
3338 2351
2114 2352
1635 2353
2034 2354
3957 2355
4817 2356
3025 2357
1852 2358
5286 2359
3734 2360
3147 2361
5772 2362
1898 2363
848 2364
2532 2365
908 2366
3052 2367
3761 2368
4744 2369
1159 2370
5190 2371
4146 2372
4217 2373
5609 2374
3205 2375
5025 2376
463 2377
2280 2378
3611 2379
4686 2380
540 2381
5393 2382
4718 2383
2518 2384
5631 2385
2401 2386
799 2387
1296 2388
4443 2389
3794 2390
3445 2391
49 2392
5499 2393
5709 2394
5779 2395
5865 2396
3260 2397
2449 2398
4837 2399
2707 2400
5326 2401
3763 2402
3635 2403
4332 2404
3893 2405
4764 2406
2625 2407
5222 2408
1167 2409
1399 2410
228 2411
813 2412
3803 2413
4191 2414
4130 2415
424 2416
806 2417
1063 2418
192 2419
1214 2420
528 2421
5848 2422
2023 2423
5542 2424
5256 2425
3105 2426
2898 2427
3657 2428
4261 2429
2778 2430
5667 2431
2428 2432
3575 2433
3851 2434
3275 2435
4393 2436
462 2437
5377 2438
3315 2439
1690 2440
2685 2441
2454 2442
4536 2443
4795 2444
2899 2445
3027 2446
85 2447
3976 2448
879 2449
5120 2450
3724 2451
4688 2452
5277 2453
3287 2454
2318 2455
3643 2456
5688 2457
561 2458
2632 2459
5469 2460
4125 2461
4888 2462
1217 2463
4169 2464
4483 2465
1614 2466
1708 2467
3383 2468
5166 2469
3150 2470
1133 2471
4238 2472
4559 2473
309 2474
4085 2475
3299 2476
5875 2477
3517 2478
3331 2479
3504 2480
1530 2481
2450 2482
2345 2483
361 2484
1830 2485
5385 2486
210 2487
612 2488
3497 2489
1355 2490
1604 2491
244 2492
897 2493
5318 2494
3888 2495
634 2496
5798 2497
174 2498
4236 2499
1615 2500
2836 2501
4821 2502
4844 2503
5011 2504
3057 2505
3418 2506
416 2507
4565 2508
4785 2509
2949 2510
1019 2511
1239 2512
2252 2513
5082 2514
2470 2515
3238 2516
5221 2517
5547 2518
1764 2519
2647 2520
5378 2521
5004 2522
4427 2523
5936 2524
560 2525
2338 2526
1306 2527
4367 2528
374 2529
4467 2530
4890 2531
4374 2532
2867 2533
5456 2534
1659 2535
921 2536
1437 2537
5564 2538
474 2539
632 2540
157 2541
5439 2542
2536 2543
4852 2544
290 2545
3559 2546
4400 2547
875 2548
2499 2549
5059 2550
3243 2551
2684 2552
1737 2553
2747 2554
2705 2555
1902 2556
2469 2557
6017 2558
1218 2559
1344 2560
5347 2561
5790 2562
222 2563
1668 2564
5366 2565
987 2566
3142 2567
277 2568
3934 2569
426 2570
3400 2571
586 2572
1253 2573
3053 2574
2994 2575
3675 2576
4421 2577
1226 2578
3357 2579
2909 2580
2541 2581
2001 2582
3101 2583
3530 2584
5912 2585
3730 2586
1469 2587
3188 2588
738 2589
5148 2590
4291 2591
4152 2592
4529 2593
1947 2594
3050 2595
2271 2596
5723 2597
4704 2598
178 2599
2767 2600
862 2601
4290 2602
1692 2603
399 2604
3964 2605
664 2606
3932 2607
5737 2608
2290 2609
778 2610
5845 2611
5384 2612
197 2613
4661 2614
5404 2615
4089 2616
3206 2617
3741 2618
1725 2619
2515 2620
3785 2621
5495 2622
845 2623
1346 2624
1556 2625
214 2626
1981 2627
4645 2628
2715 2629
5246 2630
3963 2631
1943 2632
4244 2633
1571 2634
2968 2635
5069 2636
4641 2637
2897 2638
4044 2639
1907 2640
1188 2641
1986 2642
1482 2643
1625 2644
5701 2645
2617 2646
2876 2647
925 2648
233 2649
815 2650
3857 2651
4041 2652
2378 2653
5039 2654
2192 2655
47 2656
5424 2657
363 2658
4574 2659
2194 2660
2329 2661
3902 2662
5863 2663
720 2664
2000 2665
1990 2666
1474 2667
3392 2668
1305 2669
5954 2670
1148 2671
4193 2672
4131 2673
2460 2674
4651 2675
5085 2676
83 2677
2550 2678
4113 2679
3848 2680
4294 2681
1203 2682
2202 2683
2943 2684
583 2685
487 2686
2116 2687
4926 2688
3677 2689
1790 2690
807 2691
5604 2692
3245 2693
2917 2694
515 2695
369 2696
4354 2697
4567 2698
5116 2699
2166 2700
191 2701
4488 2702
4663 2703
5164 2704
5513 2705
3881 2706
4547 2707
4893 2708
3456 2709
3545 2710
4887 2711
4199 2712
1842 2713
3458 2714
1172 2715
36 2716
821 2717
3784 2718
5229 2719
2560 2720
5653 2721
1593 2722
965 2723
5637 2724
1094 2725
4683 2726
1642 2727
4911 2728
4298 2729
3781 2730
4968 2731
344 2732
3235 2733
2745 2734
1536 2735
126 2736
4112 2737
5693 2738
1235 2739
2855 2740
1043 2741
4109 2742
2666 2743
3293 2744
733 2745
3965 2746
4906 2747
1040 2748
1374 2749
1634 2750
121 2751
2564 2752
3667 2753
465 2754
5156 2755
970 2756
4715 2757
1273 2758
2661 2759
759 2760
1776 2761
1650 2762
4729 2763
1157 2764
5646 2765
5873 2766
822 2767
4551 2768
2146 2769
1494 2770
1343 2771
643 2772
2496 2773
5759 2774
1233 2775
4462 2776
624 2777
5963 2778
980 2779
2883 2780
3918 2781
4045 2782
6000 2783
4763 2784
5022 2785
947 2786
5228 2787
3787 2788
3011 2789
2572 2790
4360 2791
5704 2792
3487 2793
1903 2794
2374 2795
5668 2796
542 2797
3698 2798
3461 2799
5310 2800
3200 2801
434 2802
1220 2803
2373 2804
5592 2805
3122 2806
1976 2807
850 2808
1608 2809
1255 2810
1784 2811
1886 2812
2729 2813
5420 2814
1387 2815
3820 2816
3179 2817
1765 2818
3593 2819
6026 2820
2730 2821
697 2822
5282 2823
1840 2824
3187 2825
4825 2826
5807 2827
1337 2828
4655 2829
1055 2830
4042 2831
2106 2832
5480 2833
2873 2834
2812 2835
1974 2836
3099 2837
3693 2838
5795 2839
4086 2840
2930 2841
4010 2842
1913 2843
1490 2844
695 2845
466 2846
4789 2847
276 2848
3499 2849
3217 2850
1983 2851
5703 2852
4638 2853
4364 2854
641 2855
2446 2856
4368 2857
407 2858
1317 2859
2764 2860
323 2861
2054 2862
4624 2863
3480 2864
5644 2865
4770 2866
915 2867
2244 2868
5809 2869
548 2870
1601 2871
4200 2872
4075 2873
4579 2874
5497 2875
5359 2876
859 2877
1461 2878
3402 2879
4391 2880
5111 2881
1496 2882
5018 2883
4816 2884
1747 2885
5959 2886
5237 2887
4760 2888
3020 2889
5121 2890
621 2891
4271 2892
631 2893
3986 2894
864 2895
2217 2896
5545 2897
5168 2898
2813 2899
2407 2900
3634 2901
3710 2902
795 2903
4533 2904
3339 2905
5613 2906
791 2907
3835 2908
1032 2909
3719 2910
5054 2911
5100 2912
567 2913
5489 2914
13 2915
4054 2916
3465 2917
5679 2918
43 2919
2212 2920
2826 2921
3579 2922
3679 2923
5627 2924
2139 2925
5224 2926
2119 2927
4340 2928
5165 2929
3875 2930
3089 2931
1467 2932
2017 2933
3303 2934
51 2935
3097 2936
3506 2937
1864 2938
1844 2939
3091 2940
5161 2941
4228 2942
6022 2943
1056 2944
326 2945
3582 2946
1421 2947
3234 2948
2072 2949
3311 2950
702 2951
3328 2952
2703 2953
2938 2954
396 2955
5864 2956
4335 2957
2171 2958
1054 2959
940 2960
900 2961
2598 2962
1328 2963
236 2964
4646 2965
944 2966
1685 2967
2992 2968
1679 2969
1767 2970
4304 2971
30 2972
2711 2973
871 2974
1241 2975
4815 2976
1652 2977
2852 2978
2444 2979
5186 2980
5935 2981
3588 2982
1339 2983
949 2984
5496 2985
2962 2986
414 2987
3001 2988
5114 2989
1080 2990
4720 2991
398 2992
3164 2993
5207 2994
2519 2995
347 2996
3664 2997
5691 2998
406 2999
1166 3000
2022 3001
4984 3002
2874 3003
4545 3004
1155 3005
3877 3006
4362 3007
1435 3008
4465 3009
2584 3010
4336 3011
3639 3012
2092 3013
519 3014
5459 3015
3390 3016
646 3017
3405 3018
5275 3019
1187 3020
4121 3021
151 3022
5532 3023
4885 3024
4971 3025
5400 3026
506 3027
2265 3028
2864 3029
3451 3030
1917 3031
3220 3032
5591 3033
5250 3034
1703 3035
3705 3036
780 3037
5425 3038
2801 3039
3997 3040
3496 3041
6031 3042
2660 3043
3959 3044
2753 3045
3411 3046
5494 3047
5125 3048
1951 3049
71 3050
5332 3051
4557 3052
5046 3053
4543 3054
4699 3055
3475 3056
2011 3057
8 3058
858 3059
1162 3060
4163 3061
3473 3062
1243 3063
23 3064
2610 3065
919 3066
422 3067
410 3068
5789 3069
2639 3070
5598 3071
390 3072
2805 3073
180 3074
1441 3075
4144 3076
3796 3077
3241 3078
2495 3079
2971 3080
5344 3081
1168 3082
1151 3083
4599 3084
5824 3085
3813 3086
3172 3087
2925 3088
4869 3089
1116 3090
2055 3091
704 3092
2559 3093
4426 3094
4653 3095
4563 3096
1560 3097
2168 3098
5742 3099
3064 3100
967 3101
2755 3102
5419 3103
3060 3104
2689 3105
4331 3106
531 3107
4974 3108
1061 3109
2200 3110
2291 3111
123 3112
3233 3113
2185 3114
3393 3115
2474 3116
2253 3117
3743 3118
5139 3119
650 3120
4853 3121
2881 3122
1927 3123
5367 3124
5623 3125
2448 3126
502 3127
4862 3128
1822 3129
5002 3130
1347 3131
5214 3132
1206 3133
4407 3134
5334 3135
5652 3136
2509 3137
3242 3138
5952 3139
2297 3140
1966 3141
3255 3142
4996 3143
4278 3144
1698 3145
2335 3146
2794 3147
4987 3148
217 3149
4316 3150
394 3151
682 3152
3590 3153
1050 3154
1532 3155
5131 3156
5937 3157
1777 3158
887 3159
983 3160
5370 3161
232 3162
3632 3163
74 3164
3829 3165
889 3166
3570 3167
5988 3168
230 3169
2468 3170
457 3171
4934 3172
5255 3173
4620 3174
4982 3175
2581 3176
3718 3177
34 3178
1818 3179
2287 3180
2141 3181
639 3182
1071 3183
1921 3184
4492 3185
298 3186
4960 3187
2615 3188
3346 3189
1375 3190
114 3191
3069 3192
1912 3193
2522 3194
489 3195
989 3196
1107 3197
2153 3198
4861 3199
5587 3200
3942 3201
901 3202
570 3203
2274 3204
4525 3205
5603 3206
4994 3207
4383 3208
2285 3209
931 3210
552 3211
2262 3212
1479 3213
4002 3214
5874 3215
3000 3216
2752 3217
5681 3218
3092 3219
3594 3220
1932 3221
692 3222
4263 3223
169 3224
4005 3225
5995 3226
2365 3227
509 3228
5178 3229
3846 3230
14 3231
177 3232
557 3233
449 3234
2799 3235
1786 3236
2637 3237
2242 3238
609 3239
3953 3240
1452 3241
927 3242
1481 3243
1283 3244
1911 3245
2872 3246
5783 3247
3725 3248
4216 3249
1585 3250
4743 3251
4164 3252
5827 3253
1124 3254
1320 3255
1252 3256
1626 3257
4601 3258
3360 3259
1224 3260
2482 3261
1894 3262
4946 3263
292 3264
2206 3265
3373 3266
1829 3267
3239 3268
4084 3269
26 3270
700 3271
4916 3272
4151 3273
3043 3274
1710 3275
3770 3276
5051 3277
461 3278
2588 3279
594 3280
645 3281
5429 3282
1183 3283
5216 3284
5481 3285
3277 3286
2455 3287
3534 3288
379 3289
4439 3290
4069 3291
2644 3292
5244 3293
1289 3294
2204 3295
189 3296
658 3297
3468 3298
777 3299
3102 3300
2472 3301
1457 3302
5008 3303
1757 3304
2254 3305
2599 3306
4179 3307
3394 3308
853 3309
3002 3310
2697 3311
5130 3312
2331 3313
349 3314
4241 3315
3167 3316
4346 3317
3790 3318
4037 3319
4079 3320
1819 3321
945 3322
2701 3323
5189 3324
2825 3325
156 3326
3077 3327
1075 3328
5839 3329
1216 3330
1926 3331
4243 3332
2423 3333
5763 3334
1566 3335
4040 3336
5788 3337
1423 3338
2784 3339
4027 3340
4180 3341
3300 3342
5300 3343
2250 3344
5630 3345
4947 3346
4418 3347
1602 3348
1338 3349
2438 3350
1278 3351
2537 3352
4123 3353
572 3354
3353 3355
1631 3356
3356 3357
4402 3358
5291 3359
5172 3360
5013 3361
3816 3362
4201 3363
4524 3364
3771 3365
857 3366
3379 3367
5724 3368
3253 3369
4270 3370
2361 3371
1653 3372
1410 3373
3345 3374
2771 3375
3756 3376
2787 3377
3833 3378
4611 3379
5324 3380
5019 3381
41 3382
2059 3383
5484 3384
1431 3385
64 3386
5826 3387
792 3388
2512 3389
69 3390
458 3391
4225 3392
5187 3393
2079 3394
5572 3395
2654 3396
227 3397
1574 3398
1673 3399
5576 3400
2143 3401
5517 3402
3896 3403
3966 3404
2710 3405
1933 3406
3035 3407
5372 3408
4824 3409
201 3410
5032 3411
110 3412
4802 3413
5527 3414
1422 3415
3080 3416
4203 3417
5167 3418
1929 3419
372 3420
2026 3421
4018 3422
2659 3423
2879 3424
3806 3425
1353 3426
842 3427
5722 3428
803 3429
4481 3430
5674 3431
3640 3432
1559 3433
382 3434
2894 3435
2307 3436
2066 3437
6005 3438
1143 3439
1361 3440
3123 3441
4486 3442
3191 3443
303 3444
2857 3445
3532 3446
1524 3447
4724 3448
885 3449
3672 3450
4493 3451
82 3452
1942 3453
5926 3454
1359 3455
2225 3456
5191 3457
211 3458
2833 3459
4580 3460
3044 3461
1805 3462
384 3463
1588 3464
627 3465
1521 3466
756 3467
128 3468
5869 3469
4692 3470
3348 3471
1677 3472
499 3473
2226 3474
3682 3475
5322 3476
537 3477
2042 3478
3207 3479
144 3480
3630 3481
376 3482
3223 3483
1780 3484
2276 3485
2662 3486
1345 3487
5847 3488
3515 3489
1326 3490
1333 3491
2002 3492
2887 3493
5715 3494
4840 3495
5733 3496
573 3497
5349 3498
5285 3499
4473 3500
2266 3501
5859 3502
2614 3503
3975 3504
1462 3505
2605 3506
3967 3507
743 3508
1237 3509
2191 3510
1444 3511
1123 3512
5362 3513
3894 3514
119 3515
255 3516
4797 3517
5754 3518
1448 3519
2077 3520
2006 3521
1311 3522
17 3523
5490 3524
4680 3525
4016 3526
4181 3527
943 3528
5346 3529
1487 3530
490 3531
5403 3532
753 3533
3166 3534
1001 3535
5037 3536
1313 3537
5524 3538
402 3539
2201 3540
229 3541
950 3542
2292 3543
5034 3544
4823 3545
5257 3546
1681 3547
212 3548
3709 3549
613 3550
2270 3551
2885 3552
5026 3553
888 3554
4857 3555
454 3556
2786 3557
4957 3558
1470 3559
1492 3560
3414 3561
1810 3562
4232 3563
5521 3564
5919 3565
4341 3566
4562 3567
4370 3568
4282 3569
4218 3570
846 3571
5360 3572
2152 3573
2920 3574
3668 3575
3054 3576
2069 3577
4848 3578
287 3579
20 3580
2546 3581
4503 3582
1031 3583
959 3584
1969 3585
1734 3586
2657 3587
1488 3588
4804 3589
5086 3590
5045 3591
5201 3592
285 3593
4157 3594
4905 3595
2714 3596
3304 3597
5447 3598
2352 3599
3208 3600
392 3601
2937 3602
4991 3603
5821 3604
2256 3605
992 3606
1009 3607
3359 3608
4867 3609
2850 3610
3186 3611
5729 3612
1193 3613
5132 3614
3121 3615
3034 3616
472 3617
1648 3618
1744 3619
4976 3620
2543 3621
3674 3622
3324 3623
2234 3624
1134 3625
4030 3626
2942 3627
2819 3628
1440 3629
2693 3630
2325 3631
2065 3632
5774 3633
4403 3634
5696 3635
1300 3636
1773 3637
1646 3638
3288 3639
5298 3640
4194 3641
3778 3642
1316 3643
1004 3644
3041 3645
5220 3646
3310 3647
4156 3648
4422 3649
2443 3650
5998 3651
4582 3652
3832 3653
2074 3654
5061 3655
4618 3656
2319 3657
3435 3658
920 3659
88 3660
1309 3661
1211 3662
5315 3663
2061 3664
1327 3665
1676 3666
5043 3667
3332 3668
4296 3669
3016 3670
5685 3671
1484 3672
4050 3673
2851 3674
4447 3675
3697 3676
1119 3677
2383 3678
5539 3679
4730 3680
2309 3681
438 3682
3262 3683
2500 3684
2535 3685
957 3686
4526 3687
1562 3688
3294 3689
459 3690
4431 3691
4774 3692
626 3693
5665 3694
5504 3695
5522 3696
5410 3697
4955 3698
3892 3699
2451 3700
3571 3701
5001 3702
319 3703
5293 3704
1380 3705
124 3706
3802 3707
4099 3708
3457 3709
4576 3710
5336 3711
3954 3712
32 3713
3181 3714
3936 3715
5306 3716
2972 3717
4510 3718
2111 3719
2809 3720
5157 3721
243 3722
5303 3723
4732 3724
2612 3725
1142 3726
1684 3727
1010 3728
278 3729
2649 3730
761 3731
2397 3732
3493 3733
4839 3734
3810 3735
5405 3736
4773 3737
2630 3738
1730 3739
3158 3740
3250 3741
1537 3742
5368 3743
2400 3744
936 3745
3747 3746
2412 3747
2388 3748
670 3749
275 3750
1005 3751
1570 3752
3598 3753
3320 3754
5920 3755
2827 3756
5794 3757
2959 3758
1812 3759
1543 3760
4942 3761
2817 3762
786 3763
5619 3764
4320 3765
952 3766
5458 3767
3663 3768
3927 3769
3178 3770
715 3771
106 3772
1979 3773
2220 3774
2453 3775
2766 3776
4850 3777
1354 3778
3589 3779
2754 3780
2259 3781
5548 3782
4935 3783
1792 3784
4751 3785
3982 3786
1171 3787
1491 3788
5050 3789
1883 3790
1740 3791
2184 3792
5005 3793
5678 3794
4355 3795
1066 3796
2231 3797
3290 3798
1288 3799
1505 3800
4381 3801
2681 3802
1552 3803
2870 3804
969 3805
2901 3806
4328 3807
213 3808
1893 3809
4809 3810
1244 3811
517 3812
161 3813
5127 3814
3873 3815
5940 3816
744 3817
3045 3818
1016 3819
3970 3820
5819 3821
1125 3822
3699 3823
565 3824
125 3825
5770 3826
877 3827
5933 3828
694 3829
5128 3830
836 3831
917 3832
2534 3833
3572 3834
3014 3835
5080 3836
4882 3837
1592 3838
131 3839
5375 3840
4214 3841
5608 3842
4448 3843
2348 3844
615 3845
3421 3846
5304 3847
5342 3848
3502 3849
4531 3850
1956 3851
1860 3852
1691 3853
2121 3854
5840 3855
5571 3856
811 3857
5163 3858
3542 3859
2068 3860
2161 3861
2663 3862
3769 3863
3799 3864
4058 3865
5087 3866
81 3867
2552 3868
1231 3869
1803 3870
4587 3871
1472 3872
732 3873
1584 3874
4496 3875
3284 3876
154 3877
1041 3878
1357 3879
4103 3880
1922 3881
1736 3882
856 3883
4883 3884
910 3885
4828 3886
993 3887
4561 3888
5599 3889
431 3890
3049 3891
2419 3892
2548 3893
1012 3894
1298 3895
4419 3896
5007 3897
4208 3898
2169 3899
3687 3900
3993 3901
1867 3902
3652 3903
4908 3904
3038 3905
4669 3906
4350 3907
2384 3908
340 3909
1998 3910
1443 3911
3139 3912
4102 3913
2916 3914
2533 3915
4378 3916
3212 3917
3688 3918
1502 3919
1581 3920
4452 3921
3120 3922
1639 3923
5570 3924
4425 3925
4051 3926
1073 3927
5088 3928
2694 3929
4234 3930
1890 3931
4796 3932
4855 3933
558 3934
224 3935
1978 3936
824 3937
5635 3938
4498 3939
3358 3940
2032 3941
2530 3942
525 3943
2299 3944
2147 3945
5841 3946
826 3947
3673 3948
661 3949
1535 3950
53 3951
4301 3952
253 3953
3197 3954
6039 3955
4901 3956
2603 3957
1176 3958
2308 3959
976 3960
247 3961
4519 3962
1997 3963
3551 3964
4233 3965
5755 3966
5098 3967
1076 3968
5312 3969
143 3970
4542 3971
5155 3972
5058 3973
3343 3974
5536 3975
5694 3976
4065 3977
4777 3978
872 3979
5107 3980
1596 3981
4874 3982
1342 3983
5427 3984
5077 3985
1542 3986
1170 3987
2626 3988
5639 3989
5832 3990
5784 3991
2437 3992
867 3993
2849 3994
1801 3995
3898 3996
808 3997
5402 3998
2880 3999
5811 4000
2442 4001
5981 4002
1223 4003
685 4004
4376 4005
338 4006
2847 4007
5780 4008
4257 4009
1099 4010
5682 4011
5836 4012
2576 4013
3944 4014
530 4015
3281 4016
184 4017
3921 4018
301 4019
4950 4020
2238 4021
1667 4022
5126 4023
1863 4024
4158 4025
2080 4026
5179 4027
1957 4028
289 4029
2757 4030
1715 4031
5558 4032
4719 4033
1276 4034
734 4035
3023 4036
111 4037
1379 4038
2296 4039
5629 4040
317 4041
3522 4042
1319 4043
601 4044
4779 4045
5009 4046
904 4047
2312 4048
5708 4049
2687 4050
4813 4051
129 4052
1680 4053
4436 4054
2601 4055
1096 4056
1719 4057
4445 4058
2884 4059
2990 4060
4884 4061
1833 4062
2891 4063
5720 4064
1178 4065
2719 4066
5978 4067
817 4068
4917 4069
3148 4070
4394 4071
2643 4072
5549 4073
140 4074
1483 4075
2607 4076
556 4077
5210 4078
2775 4079
3216 4080
4104 4081
1103 4082
4145 4083
4062 4084
2264 4085
3887 4086
5143 4087
3924 4088
4674 4089
833 4090
5251 4091
2137 4092
3915 4093
4625 4094
3823 4095
5433 4096
3316 4097
4647 4098
93 4099
4101 4100
1853 4101
3701 4102
827 4103
2073 4104
5943 4105
220 4106
1925 4107
5437 4108
221 4109
2579 4110
1991 4111
4990 4112
1968 4113
4784 4114
329 4115
3853 4116
3815 4117
4237 4118
4812 4119
266 4120
1405 4121
4032 4122
5343 4123
1174 4124
4685 4125
939 4126
2024 4127
250 4128
5386 4129
4604 4130
5556 4131
1702 4132
364 4133
5407 4134
2315 4135
2084 4136
4337 4137
3117 4138
2845 4139
3931 4140
339 4141
1697 4142
2 4143
146 4144
4988 4145
4880 4146
5202 4147
173 4148
5924 4149
3137 4150
607 4151
2076 4152
504 4153
3525 4154
4931 4155
3869 4156
3128 4157
742 4158
2906 4159
318 4160
479 4161
2675 4162
5566 4163
325 4164
3033 4165
3844 4166
4035 4167
5802 4168
1793 4169
619 4170
2255 4171
31 4172
765 4173
5585 4174
5793 4175
628 4176
5027 4177
958 4178
5976 4179
1112 4180
2420 4181
22 4182
428 4183
297 4184
5657 4185
4009 4186
2832 4187
4460 4188
3629 4189
3249 4190
690 4191
5617 4192
4365 4193
3548 4194
429 4195
2594 4196
1091 4197
268 4198
4822 4199
4072 4200
648 4201
2337 4202
4658 4203
5817 4204
4938 4205
195 4206
355 4207
2907 4208
3651 4209
1473 4210
2738 4211
5962 4212
1042 4213
5680 4214
5472 4215
4230 4216
2830 4217
2505 4218
4859 4219
4272 4220
5728 4221
1952 4222
3841 4223
501 4224
5618 4225
3153 4226
4001 4227
5922 4228
283 4229
267 4230
6038 4231
816 4232
5092 4233
4012 4234
4758 4235
1961 4236
2031 4237
5842 4238
1558 4239
4196 4240
4650 4241
1392 4242
3364 4243
3296 4244
4613 4245
688 4246
5170 4247
446 4248
4619 4249
2544 4250
115 4251
2999 4252
3450 4253
5721 4254
471 4255
4951 4256
5084 4257
4502 4258
395 4259
1120 4260
4388 4261
4879 4262
1865 4263
2750 4264
5267 4265
5093 4266
2751 4267
2970 4268
3381 4269
1563 4270
4627 4271
1420 4272
2528 4273
2982 4274
3263 4275
2038 4276
1439 4277
2098 4278
4020 4279
1455 4280
894 4281
4771 4282
1335 4283
1919 4284
5035 4285
1709 4286
5561 4287
4944 4288
61 4289
3272 4290
4500 4291
1620 4292
5683 4293
4868 4294
1728 4295
5064 4296
4535 4297
2640 4298
107 4299
2831 4300
4133 4301
1712 4302
3587 4303
4716 4304
4302 4305
593 4306
2991 4307
386 4308
1058 4309
5259 4310
960 4311
4819 4312
2768 4313
5176 4314
1382 4315
1743 4316
3969 4317
5872 4318
2257 4319
5423 4320
1636 4321
1826 4322
77 4323
3511 4324
468 4325
785 4326
2060 4327
3273 4328
3882 4329
1002 4330
3518 4331
610 4332
1909 4333
3189 4334
2405 4335
1436 4336
1087 4337
2979 4338
237 4339
2418 4340
4676 4341
5457 4342
3396 4343
3340 4344
153 4345
5860 4346
4449 4347
662 4348
3195 4349
1181 4350
4453 4351
190 4352
3484 4353
5363 4354
5879 4355
5853 4356
2773 4357
91 4358
614 4359
1425 4360
1994 4361
3971 4362
2508 4363
3211 4364
2158 4365
4358 4366
33 4367
2841 4368
1173 4369
1508 4370
1202 4371
3141 4372
202 4373
3830 4374
2646 4375
4477 4376
1816 4377
2984 4378
4896 4379
5136 4380
651 4381
310 4382
2286 4383
2445 4384
5640 4385
3481 4386
1141 4387
38 4388
4889 4389
4347 4390
5133 4391
6028 4392
4748 4393
2173 4394
4958 4395
667 4396
59 4397
206 4398
4373 4399
4111 4400
1787 4401
262 4402
863 4403
554 4404
5751 4405
2430 4406
1503 4407
2921 4408
2029 4409
299 4410
2221 4411
265 4412
3397 4413
1928 4414
4667 4415
5980 4416
1988 4417
508 4418
1036 4419
5948 4420
4317 4421
4659 4422
1161 4423
2207 4424
2233 4425
1567 4426
5661 4427
5479 4428
4474 4429
260 4430
1965 4431
5945 4432
1100 4433
4369 4434
4708 4435
1752 4436
2969 4437
4461 4438
1419 4439
1753 4440
3058 4441
5634 4442
5391 4443
5052 4444
117 4445
2327 4446
1121 4447
1612 4448
6032 4449
4056 4450
1658 4451
3349 4452
2589 4453
101 4454
5299 4455
636 4456
2577 4457
3419 4458
3690 4459
2493 4460
5445 4461
640 4462
5530 4463
5990 4464
789 4465
5972 4466
4910 4467
4703 4468
5552 4469
4660 4470
986 4471
304 4472
1414 4473
5600 4474
4589 4475
5200 4476
4799 4477
3753 4478
4528 4479
3115 4480
4178 4481
1578 4482
4684 4483
4808 4484
2839 4485
5180 4486
2927 4487
3062 4488
5089 4489
4978 4490
5208 4491
2574 4492
3248 4493
4873 4494
3947 4495
5554 4496
1329 4497
5559 4498
3180 4499
4023 4500
751 4501
2886 4502
1523 4503
5589 4504
450 4505
4548 4506
529 4507
2410 4508
3562 4509
5796 4510
5602 4511
3765 4512
2975 4513
5555 4514
3625 4515
348 4516
2540 4517
1362 4518
351 4519
5270 4520
709 4521
280 4522
3417 4523
771 4524
4741 4525
385 4526
5109 4527
252 4528
2126 4529
981 4530
1923 4531
5000 4532
2403 4533
2652 4534
1848 4535
1386 4536
3822 4537
2774 4538
3938 4539
5206 4540
2973 4541
4252 4542
389 4543
3231 4544
5394 4545
5765 4546
2347 4547
2012 4548
5582 4549
5418 4550
4155 4551
2682 4552
3425 4553
581 4554
2213 4555
4026 4556
3729 4557
510 4558
5062 4559
4550 4560
4484 4561
97 4562
4060 4563
3926 4564
5333 4565
5431 4566
3095 4567
5144 4568
4788 4569
415 4570
4930 4571
5818 4572
770 4573
2115 4574
2439 4575
2067 4576
1081 4577
802 4578
4240 4579
1995 4580
617 4581
2593 4582
4700 4583
2732 4584
3135 4585
3648 4586
5531 4587
1720 4588
3165 4589
5448 4590
569 4591
4902 4592
5486 4593
4432 4594
1378 4595
2840 4596
3821 4597
259 4598
5641 4599
5975 4600
820 4601
2993 4602
784 4603
933 4604
65 4605
3240 4606
3889 4607
907 4608
4410 4609
3905 4610
1370 4611
4568 4612
4047 4613
3968 4614
163 4615
3201 4616
3301 4617
5274 4618
3503 4619
2569 4620
5263 4621
5511 4622
2471 4623
2744 4624
2788 4625
5843 4626
1270 4627
597 4628
749 4629
1643 4630
3870 4631
78 4632
493 4633
371 4634
380 4635
2890 4636
5500 4637
1825 4638
5507 4639
5834 4640
1227 4641
1428 4642
4454 4643
5234 4644
5730 4645
3395 4646
4948 4647
5958 4648
3789 4649
2868 4650
600 4651
1645 4652
2096 4653
5464 4654
5849 4655
4705 4656
592 4657
2039 4658
683 4659
1240 4660
660 4661
3752 4662
3302 4663
3472 4664
4649 4665
1881 4666
55 4667
1756 4668
5929 4669
315 4670
5451 4671
393 4672
3469 4673
2555 4674
1398 4675
4629 4676
1225 4677
242 4678
4734 4679
3919 4680
4738 4681
1809 4682
3916 4683
476 4684
3886 4685
4329 4686
4894 4687
1084 4688
1557 4689
3812 4690
203 4691
1993 4692
4066 4693
3808 4694
3704 4695
5510 4696
2394 4697
2186 4698
4943 4699
1621 4700
706 4701
5672 4702
4586 4703
2978 4704
5159 4705
5450 4706
5725 4707
5097 4708
5870 4709
4507 4710
3988 4711
1003 4712
2049 4713
360 4714
4408 4715
3031 4716
2592 4717
4412 4718
3210 4719
4836 4720
5348 4721
1115 4722
5319 4723
5862 4724
3884 4725
4558 4726
1256 4727
2510 4728
3386 4729
1724 4730
1088 4731
4921 4732
5357 4733
3329 4734
4015 4735
5768 4736
1126 4737
2421 4738
2529 4739
4124 4740
2267 4741
4682 4742
4 4743
4872 4744
2743 4745
4928 4746
5731 4747
3510 4748
3194 4749
5741 4750
5449 4751
1549 4752
1459 4753
5213 4754
1246 4755
3032 4756
2219 4757
1613 4758
1341 4759
2003 4760
1517 4761
5520 4762
4678 4763
2459 4764
109 4765
4963 4766
3659 4767
5868 4768
5727 4769
5734 4770
2678 4771
604 4772
730 4773
4299 4774
2793 4775
2842 4776
4811 4777
5028 4778
3847 4779
5446 4780
5482 4781
4518 4782
4110 4783
5854 4784
878 4785
2467 4786
2282 4787
4154 4788
2241 4789
1429 4790
3981 4791
647 4792
2683 4793
3203 4794
331 4795
854 4796
5226 4797
4380 4798
4913 4799
3613 4800
2343 4801
63 4802
3984 4803
1025 4804
1905 4805
1466 4806
4049 4807
4690 4808
3628 4809
4903 4810
3727 4811
5465 4812
3909 4813
1403 4814
3039 4815
2502 4816
2014 4817
781 4818
1950 4819
1670 4820
1671 4821
3333 4822
4820 4823
1851 4824
4754 4825
42 4826
1146 4827
4310 4828
5152 4829
25 4830
4021 4831
1432 4832
4353 4833
3859 4834
1960 4835
1363 4836
196 4837
2915 4838
456 4839
5399 4840
263 4841
3776 4842
4577 4843
2155 4844
4539 4845
5090 4846
5421 4847
3805 4848
2103 4849
2366 4850
4989 4851
4776 4852
923 4853
2618 4854
5884 4855
2380 4856
2545 4857
2516 4858
1889 4859
1996 4860
1424 4861
1940 4862
1655 4863
4810 4864
5292 4865
3626 4866
797 4867
3160 4868
3087 4869
4854 4870
5501 4871
108 4872
5233 4873
4087 4874
3454 4875
5453 4876
1628 4877
1538 4878
2731 4879
3047 4880
3793 4881
4937 4882
4129 4883
104 4884
4312 4885
4116 4886
4555 4887
4675 4888
4992 4889
2197 4890
3369 4891
4966 4892
4767 4893
1569 4894
3065 4895
3992 4896
2293 4897
3620 4898
4952 4899
6023 4900
675 4901
4546 4902
5177 4903
335 4904
3130 4905
3175 4906
2998 4907
4300 4908
1451 4909
4227 4910
693 4911
2008 4912
3022 4913
5158 4914
4210 4915
3666 4916
4521 4917
5142 4918
3933 4919
5706 4920
3535 4921
2488 4922
1587 4923
2941 4924
3937 4925
3840 4926
4344 4927
5782 4928
4273 4929
2602 4930
2608 4931
1062 4932
1017 4933
1078 4934
3455 4935
2409 4936
740 4937
1630 4938
5771 4939
5361 4940
5562 4941
3838 4942
3446 4943
892 4944
1746 4945
2120 4946
3459 4947
1232 4948
735 4949
1806 4950
6013 4951
3597 4952
5791 4953
440 4954
3775 4955
4007 4956
5593 4957
2561 4958
1591 4959
1506 4960
2698 4961
1334 4962
5223 4963
1876 4964
1727 4965
5204 4966
710 4967
2180 4968
11 4969
1778 4970
4843 4971
2133 4972
5278 4973
546 4974
4727 4975
4076 4976
5702 4977
3266 4978
5584 4979
3125 4980
4401 4981
1908 4982
3059 4983
3949 4984
3742 4985
909 4986
5110 4987
4080 4988
5181 4989
4211 4990
3436 4991
3430 4992
1984 4993
3453 4994
4255 4995
1350 4996
3110 4997
167 4998
6024 4999
4786 5000
6029 5001
5797 5002
3486 5003
1665 5004
3764 5005
2083 5006
3131 5007
3489 5008
3891 5009
5471 5010
5660 5011
5441 5012
5108 5013
527 5014
4274 5015
2305 5016
1862 5017
3604 5018
1395 5019
3276 5020
602 5021
4077 5022
4897 5023
352 5024
5969 5025
2182 5026
3501 5027
1771 5028
67 5029
2803 5030
5444 5031
1267 5032
1053 5033
451 5034
5162 5035
5947 5036
2064 5037
3177 5038
4006 5039
4160 5040
2911 5041
1179 5042
883 5043
544 5044
1802 5045
2822 5046
4780 5047
2298 5048
5654 5049
3961 5050
2342 5051
2479 5052
1800 5053
3728 5054
5078 5055
2656 5056
2323 5057
4490 5058
2900 5059
4297 5060
1900 5061
2243 5062
2362 5063
3716 5064
6030 5065
3321 5066
801 5067
45 5068
1731 5069
3711 5070
2240 5071
1694 5072
4411 5073
1688 5074
5330 5075
1982 5076
1820 5077
1568 5078
327 5079
2718 5080
136 5081
1131 5082
205 5083
2758 5084
2363 5085
2928 5086
2334 5087
5381 5088
3410 5089
2717 5090
4321 5091
3637 5092
2210 5093
3899 5094
1047 5095
1397 5096
4313 5097
3478 5098
2893 5099
3850 5100
1290 5101
5199 5102
1085 5103
5961 5104
272 5105
3855 5106
2033 5107
4791 5108
1089 5109
5512 5110
1090 5111
5856 5112
2385 5113
433 5114
1657 5115
611 5116
703 5117
596 5118
2087 5119
2108 5120
2094 5121
3792 5122
2172 5123
3221 5124
4480 5125
4583 5126
448 5127
1515 5128
6012 5129
5219 5130
4253 5131
2019 5132
4671 5133
5594 5134
4626 5135
3344 5136
4538 5137
4288 5138
1044 5139
4600 5140
5649 5141
1064 5142
718 5143
5041 5144
5426 5145
270 5146
3861 5147
5526 5148
5184 5149
3960 5150
4752 5151
436 5152
5354 5153
1962 5154
3683 5155
903 5156
3556 5157
3202 5158
1130 5159
2376 5160
1500 5161
2149 5162
3380 5163
1637 5164
707 5165
2932 5166
308 5167
2272 5168
4664 5169
1513 5170
2525 5171
46 5172
823 5173
4612 5174
324 5175
2575 5176
2563 5177
4457 5178
779 5179
1748 5180
2399 5181
3991 5182
29 5183
3911 5184
2966 5185
1583 5186
481 5187
1248 5188
1838 5189
3897 5190
4895 5191
4745 5192
1718 5193
5658 5194
2189 5195
3378 5196
2132 5197
439 5198
4115 5199
3621 5200
2036 5201
5563 5202
4514 5203
4127 5204
2964 5205
5056 5206
6018 5207
5249 5208
1745 5209
649 5210
3028 5211
2595 5212
5605 5213
1154 5214
1266 5215
2912 5216
874 5217
4139 5218
4249 5219
4698 5220
5193 5221
698 5222
3491 5223
3745 5224
574 5225
2048 5226
1619 5227
3546 5228
3463 5229
3071 5230
383 5231
1140 5232
1029 5233
852 5234
2027 5235
5268 5236
3561 5237
2740 5238
3228 5239
5745 5240
5659 5241
2349 5242
5245 5243
5938 5244
4826 5245
2129 5246
311 5247
1706 5248
4256 5249
4509 5250
2580 5251
4175 5252
644 5253
5986 5254
5882 5255
3452 5256
92 5257
741 5258
295 5259
3577 5260
595 5261
3661 5262
5716 5263
2058 5264
2828 5265
2957 5266
982 5267
4205 5268
5939 5269
2700 5270
5787 5271
2150 5272
1229 5273
1135 5274
4541 5275
6001 5276
2100 5277
5984 5278
2044 5279
4174 5280
3162 5281
1944 5282
2216 5283
3914 5284
269 5285
1531 5286
2351 5287
4523 5288
2935 5289
320 5290
3082 5291
2696 5292
1600 5293
2565 5294
5173 5295
549 5296
4260 5297
1102 5298
5145 5299
4983 5300
381 5301
2673 5302
2866 5303
475 5304
1092 5305
2542 5306
3723 5307
112 5308
2396 5309
1855 5310
3258 5311
1409 5312
2843 5313
4482 5314
2353 5315
674 5316
745 5317
5880 5318
1758 5319
2237 5320
4363 5321
1356 5322
2047 5323
3695 5324
5235 5325
5846 5326
147 5327
5461 5328
2336 5329
3152 5330
5942 5331
2395 5332
1882 5333
5091 5334
1887 5335
3608 5336
6021 5337
354 5338
3048 5339
3440 5340
3070 5341
3415 5342
4106 5343
1987 5344
3257 5345
5606 5346
5355 5347
3713 5348
2722 5349
5253 5350
1660 5351
3370 5352
3072 5353
3606 5354
6033 5355
1804 5356
2860 5357
4606 5358
3111 5359
4305 5360
5815 5361
1287 5362
4495 5363
575 5364
991 5365
4781 5366
3090 5367
3818 5368
895 5369
772 5370
2800 5371
3067 5372
5149 5373
4209 5374
274 5375
28 5376
2677 5377
2151 5378
2463 5379
2808 5380
5893 5381
3720 5382
1454 5383
5927 5384
3706 5385
3244 5386
3828 5387
4755 5388
6007 5389
869 5390
1209 5391
3539 5392
445 5393
1180 5394
496 5395
3748 5396
1471 5397
7 5398
731 5399
1575 5400
5413 5401
5877 5402
1975 5403
5252 5404
1304 5405
538 5406
5135 5407
1401 5408
1136 5409
891 5410
2997 5411
4414 5412
5761 5413
3871 5414
4472 5415
4584 5416
2245 5417
968 5418
1930 5419
5262 5420
2854 5421
4038 5422
2408 5423
3008 5424
861 5425
3985 5426
4749 5427
1617 5428
2590 5429
172 5430
5287 5431
5376 5432
2214 5433
2013 5434
1260 5435
1310 5436
2483 5437
4008 5438
2431 5439
5215 5440
4429 5441
5477 5442
3849 5443
3616 5444
1870 5445
3715 5446
2053 5447
3094 5448
1411 5449
5434 5450
5897 5451
4666 5452
2600 5453
5985 5454
4207 5455
412 5456
4348 5457
5744 5458
5533 5459
413 5460
2377 5461
5283 5462
1177 5463
3676 5464
4031 5465
3154 5466
2501 5467
2945 5468
24 5469
5575 5470
5810 5471
3007 5472
1373 5473
218 5474
5106 5475
3409 5476
4566 5477
1438 5478
5010 5479
3858 5480
100 5481
4904 5482
580 5483
4736 5484
3388 5485
4594 5486
1554 5487
5800 5488
1831 5489
3758 5490
5387 5491
5021 5492
57 5493
3326 5494
6009 5495
2948 5496
2621 5497
3003 5498
5311 5499
1845 5500
2720 5501
1257 5502
5470 5503
1627 5504
3398 5505
942 5506
699 5507
4219 5508
3885 5509
4954 5510
187 5511
5625 5512
4215 5513
3406 5514
4046 5515
3540 5516
5217 5517
4997 5518
208 5519
145 5520
2043 5521
708 5522
5597 5523
5950 5524
62 5525
2313 5526
3004 5527
576 5528
4187 5529
3306 5530
5112 5531
1213 5532
1265 5533
767 5534
701 5535
5816 5536
713 5537
5923 5538
2759 5539
3013 5540
5314 5541
5258 5542
5033 5543
4849 5544
1501 5545
717 5546
3686 5547
1823 5548
3279 5549
1308 5550
1579 5551
870 5552
4100 5553
4478 5554
2947 5555
1795 5556
4248 5557
681 5558
4185 5559
5767 5560
937 5561
2478 5562
5211 5563
2919 5564
1230 5565
5901 5566
5183 5567
1572 5568
3391 5569
2995 5570
2461 5571
1434 5572
828 5573
3780 5574
2203 5575
4491 5576
4094 5577
620 5578
1195 5579
584 5580
1814 5581
1208 5582
653 5583
72 5584
532 5585
4710 5586
2122 5587
5997 5588
5048 5589
1915 5590
5205 5591
4711 5592
1406 5593
4513 5594
52 5595
1205 5596
4847 5597
345 5598
4469 5599
2057 5600
4814 5601
1606 5602
5902 5603
1106 5604
3492 5605
1499 5606
3305 5607
5289 5608
5408 5609
5338 5610
350 5611
938 5612
1247 5613
1109 5614
2818 5615
113 5616
4876 5617
896 5618
4108 5619
3920 5620
432 5621
1582 5622
1949 5623
4712 5624
2081 5625
411 5626
5345 5627
4190 5628
2162 5629
166 5630
442 5631
4623 5632
2358 5633
2205 5634
3935 5635
5967 5636
4440 5637
2040 5638
3106 5639
3950 5640
1623 5641
225 5642
3428 5643
4024 5644
1760 5645
1717 5646
1281 5647
830 5648
2123 5649
2095 5650
5313 5651
4886 5652
5175 5653
5983 5654
3680 5655
1011 5656
2090 5657
5406 5658
4415 5659
4068 5660
2490 5661
4534 5662
5174 5663
356 5664
2804 5665
2476 5666
512 5667
4150 5668
4319 5669
5341 5670
3444 5671
3384 5672
5488 5673
3015 5674
1442 5675
926 5676
550 5677
3811 5678
2781 5679
421 5680
3824 5681
3372 5682
2279 5683
6027 5684
5614 5685
1331 5686
3334 5687
638 5688
4668 5689
4845 5690
899 5691
5801 5692
800 5693
3684 5694
3292 5695
1935 5696
2811 5697
1647 5698
2487 5699
1970 5700
3536 5701
5397 5702
5476 5703
1456 5704
5569 5705
103 5706
405 5707
1293 5708
185 5709
2316 5710
2936 5711
1849 5712
3104 5713
5015 5714
1475 5715
3549 5716
754 5717
2434 5718
3749 5719
4593 5720
5185 5721
1367 5722
3736 5723
1215 5724
3199 5725
1675 5726
1049 5727
748 5728
1105 5729
1086 5730
2050 5731
2320 5732
3609 5733
4961 5734
3280 5735
3596 5736
4134 5737
367 5738
5146 5739
5577 5740
1699 5741
2557 5742
418 5743
1070 5744
5150 5745
408 5746
5203 5747
4881 5748
5296 5749
2566 5750
401 5751
48 5752
4286 5753
4372 5754
5369 5755
4033 5756
2760 5757
2895 5758
4088 5759
4333 5760
2398 5761
912 5762
2167 5763
5822 5764
281 5765
3407 5766
5989 5767
1147 5768
1413 5769
3614 5770
4485 5771
1182 5772
3476 5773
5837 5774
2406 5775
150 5776
1108 5777
1093 5778
4285 5779
5748 5780
314 5781
3355 5782
5786 5783
3757 5784
4052 5785
3585 5786
105 5787
563 5788
5038 5789
5968 5790
1045 5791
585 5792
2248 5793
3527 5794
4417 5795
2934 5796
3622 5797
1376 5798
1561 5799
5956 5800
3267 5801
2642 5802
1654 5803
1528 5804
1808 5805
5756 5806
5436 5807
3865 5808
3878 5809
3246 5810
1238 5811
4830 5812
3623 5813
1416 5814
906 5815
5838 5816
4829 5817
2317 5818
3225 5819
3342 5820
3624 5821
4014 5822
5380 5823
3308 5824
4017 5825
3251 5826
1948 5827
5294 5828
763 5829
4107 5830
4765 5831
4003 5832
3797 5833
571 5834
3046 5835
464 5836
3880 5837
5374 5838
2736 5839
4602 5840
4728 5841
746 5842
5692 5843
84 5844
4739 5845
5016 5846
3252 5847
4964 5848
4677 5849
2556 5850
3939 5851
1732 5852
5814 5853
5137 5854
4466 5855
4635 5856
1916 5857
1369 5858
4597 5859
4772 5860
2798 5861
2538 5862
3505 5863
3422 5864
4631 5865
2926 5866
2856 5867
120 5868
4399 5869
2583 5870
1640 5871
1269 5872
5895 5873
5918 5874
2664 5875
3495 5876
3941 5877
2236 5878
1020 5879
622 5880
3839 5881
696 5882
6037 5883
1321 5884
5746 5885
3722 5886
2679 5887
3678 5888
2413 5889
4083 5890
3314 5891
2046 5892
2807 5893
5855 5894
2527 5895
3185 5896
2638 5897
3327 5898
5769 5899
5760 5900
2650 5901
4000 5902
5909 5903
5645 5904
1872 5905
1294 5906
1879 5907
5060 5908
5799 5909
1696 5910
766 5911
5194 5912
5664 5913
170 5914
4979 5915
4929 5916
5541 5917
2797 5918
2954 5919
5831 5920
5965 5921
1006 5922
1101 5923
3129 5924
3136 5925
5899 5926
219 5927
2295 5928
1068 5929
724 5930
941 5931
460 5932
4167 5933
4428 5934
491 5935
2695 5936
3774 5937
4117 5938
1402 5939
2127 5940
1284 5941
2389 5942
1198 5943
3100 5944
3583 5945
5529 5946
1544 5947
4713 5948
5580 5949
1282 5950
5778 5951
4188 5952
851 5953
1964 5954
193 5955
1714 5956
132 5957
4892 5958
5075 5959
2113 5960
137 5961
3509 5962
4866 5963
668 5964
1039 5965
1522 5966
3759 5967
4280 5968
3113 5969
3513 5970
3140 5971
1018 5972
1074 5973
1377 5974
4922 5975
659 5976
1609 5977
5227 5978
1880 5979
447 5980
435 5981
3271 5982
4569 5983
3852 5984
3019 5985
669 5986
3075 5987
1000 5988
5070 5989
4078 5990
134 5991
5710 5992
4149 5993
1127 5994
2239 5995
5254 5996
2739 5997
2616 5998
3907 5999
3507 6000
5833 6001
818 6002
4783 6003
3173 6004
2360 6005
978 6006
2199 6007
1228 6008
5452 6009
235 6010
1351 6011
4177 6012
5551 6013
2432 6014
1388 6015
3297 6016
520 6017
5467 6018
4416 6019
5081 6020
2211 6021
4275 6022
1048 6023
469 6024
1446 6025
4962 6026
234 6027
3318 6028
1723 6029
5714 6030
1149 6031
2635 6032
1674 6033
5154 6034
2188 6035
4166 6036
4717 6037
4204 6038
3645 6039
