org_id remap_id
4846 0
4556 1
4738 2
1431 3
3485 4
4078 5
4311 6
5774 7
273 8
1184 9
2007 10
4221 11
1548 12
4350 13
3920 14
2535 15
1159 16
238 17
4996 18
944 19
2132 20
1035 21
1055 22
5397 23
6025 24
4446 25
975 26
39 27
3001 28
516 29
1351 30
1525 31
5096 32
1926 33
3758 34
2048 35
2291 36
3997 37
3127 38
1469 39
3790 40
3524 41
4213 42
4178 43
4470 44
1458 45
2573 46
2230 47
180 48
2269 49
5713 50
463 51
2188 52
980 53
1503 54
4673 55
1813 56
488 57
5135 58
1867 59
1918 60
2999 61
2482 62
4343 63
2081 64
295 65
1921 66
3986 67
457 68
168 69
3099 70
2254 71
3924 72
1479 73
5349 74
2032 75
5644 76
2447 77
4114 78
2112 79
3365 80
2514 81
3523 82
2105 83
1465 84
5815 85
4758 86
4413 87
5355 88
3000 89
2528 90
1447 91
255 92
5930 93
1554 94
5831 95
4174 96
3705 97
2339 98
5275 99
3016 100
2595 101
1191 102
2865 103
910 104
2408 105
2084 106
4718 107
42 108
4954 109
218 110
5254 111
5175 112
3029 113
5403 114
74 115
2083 116
5227 117
1459 118
1745 119
2390 120
116 121
102 122
5514 123
5216 124
4264 125
1221 126
884 127
2896 128
106 129
5530 130
1456 131
2805 132
4623 133
2026 134
4983 135
4186 136
1861 137
5386 138
1208 139
5681 140
1028 141
2018 142
5677 143
4029 144
293 145
3317 146
4184 147
147 148
5401 149
2167 150
4352 151
1882 152
1501 153
1041 154
3533 155
297 156
883 157
1749 158
1598 159
4037 160
4820 161
5691 162
5779 163
2567 164
3793 165
3161 166
4024 167
423 168
1330 169
3434 170
5796 171
4907 172
3642 173
1869 174
3681 175
2085 176
5952 177
5373 178
5846 179
1733 180
692 181
3005 182
3607 183
2881 184
5795 185
3476 186
5729 187
654 188
5339 189
5876 190
5374 191
4683 192
3177 193
2708 194
1231 195
2695 196
1956 197
5649 198
2010 199
5013 200
642 201
5855 202
1203 203
1876 204
4924 205
5068 206
5556 207
3944 208
3385 209
4399 210
2680 211
5913 212
3621 213
3737 214
2711 215
1349 216
4817 217
5885 218
4790 219
5365 220
1539 221
5162 222
3067 223
3929 224
1314 225
3804 226
1082 227
4250 228
1470 229
1094 230
4675 231
2868 232
1599 233
4933 234
2721 235
3342 236
5734 237
439 238
1756 239
2225 240
5480 241
2302 242
2699 243
4159 244
4726 245
3509 246
317 247
3192 248
5119 249
1642 250
938 251
5945 252
5007 253
1491 254
5417 255
2620 256
5407 257
3999 258
1002 259
407 260
3525 261
3803 262
4966 263
2558 264
2622 265
4542 266
5327 267
731 268
735 269
4040 270
5340 271
2955 272
2977 273
5184 274
4208 275
1805 276
437 277
154 278
2276 279
153 280
4378 281
737 282
33 283
5687 284
2293 285
3191 286
587 287
3358 288
4095 289
3055 290
5045 291
4877 292
3507 293
389 294
1620 295
5030 296
5198 297
4677 298
5391 299
3361 300
5423 301
384 302
1311 303
2748 304
5761 305
2853 306
350 307
1853 308
108 309
226 310
3438 311
2985 312
2391 313
2295 314
655 315
5064 316
1880 317
4103 318
2031 319
5245 320
112 321
4566 322
824 323
5191 324
4965 325
3641 326
1128 327
4130 328
2953 329
812 330
1374 331
5433 332
5066 333
207 334
1175 335
4063 336
4851 337
5077 338
2057 339
5937 340
2523 341
2184 342
2735 343
1607 344
658 345
5960 346
4780 347
3701 348
1623 349
99 350
2911 351
3304 352
5329 353
5333 354
875 355
4276 356
5074 357
4246 358
34 359
5061 360
2933 361
1792 362
1218 363
319 364
3007 365
4190 366
2281 367
2034 368
3336 369
5039 370
1183 371
2224 372
1296 373
5655 374
720 375
4420 376
5337 377
573 378
800 379
2262 380
1347 381
5019 382
233 383
2720 384
3628 385
4866 386
481 387
2802 388
2638 389
4541 390
3289 391
4832 392
4925 393
204 394
3068 395
4833 396
360 397
7 398
2525 399
4518 400
2548 401
2154 402
3457 403
4993 404
1787 405
4663 406
5891 407
119 408
2144 409
2781 410
4316 411
2882 412
1467 413
3121 414
4940 415
5957 416
2077 417
4912 418
3910 419
3571 420
5698 421
189 422
2433 423
3056 424
5722 425
597 426
5173 427
3727 428
5988 429
1818 430
3278 431
4653 432
1657 433
3752 434
5313 435
3617 436
4943 437
1905 438
3104 439
1110 440
568 441
2157 442
579 443
3073 444
1033 445
2713 446
2411 447
3829 448
4500 449
590 450
210 451
1723 452
2904 453
3325 454
355 455
3254 456
5357 457
1411 458
5261 459
1700 460
1345 461
1280 462
5242 463
5379 464
376 465
1802 466
4032 467
5129 468
1769 469
515 470
4427 471
4036 472
1101 473
2443 474
3503 475
1407 476
2296 477
347 478
5601 479
3817 480
311 481
3103 482
1445 483
1943 484
2087 485
4048 486
4836 487
5303 488
906 489
593 490
5954 491
6038 492
5481 493
5345 494
5888 495
3660 496
4085 497
3234 498
4231 499
5975 500
3487 501
1697 502
1204 503
1083 504
5521 505
5448 506
5893 507
3583 508
1982 509
5369 510
194 511
5672 512
3500 513
185 514
723 515
3831 516
591 517
2568 518
4944 519
2698 520
2266 521
693 522
4076 523
5787 524
328 525
1224 526
1945 527
4694 528
3948 529
399 530
598 531
400 532
3549 533
4307 534
2336 535
2776 536
5165 537
1770 538
5234 539
3704 540
959 541
4194 542
2598 543
5048 544
5410 545
1228 546
5616 547
3128 548
3616 549
709 550
5561 551
5817 552
2520 553
4868 554
3495 555
5215 556
2857 557
5300 558
1304 559
3482 560
4528 561
4931 562
1483 563
4882 564
203 565
396 566
5577 567
1986 568
5800 569
645 570
5605 571
953 572
4068 573
1685 574
285 575
2690 576
5487 577
4393 578
506 579
4949 580
2379 581
4602 582
5033 583
1065 584
2015 585
4638 586
4489 587
4017 588
5149 589
1412 590
5953 591
447 592
1081 593
3665 594
4111 595
3906 596
5602 597
414 598
107 599
3348 600
1541 601
2527 602
482 603
1616 604
4390 605
5321 606
415 607
1073 608
5535 609
1126 610
842 611
4388 612
6020 613
1695 614
1245 615
3749 616
1888 617
1336 618
6018 619
3539 620
2178 621
4110 622
2897 623
3819 624
4453 625
5688 626
3027 627
5908 628
2777 629
5024 630
5183 631
5673 632
159 633
4590 634
1683 635
2892 636
1577 637
5016 638
4334 639
3371 640
2846 641
3911 642
5730 643
3851 644
1860 645
5312 646
793 647
4170 648
3608 649
236 650
4697 651
2652 652
3025 653
3141 654
288 655
3866 656
2734 657
5741 658
948 659
5851 660
378 661
2470 662
6023 663
239 664
1741 665
1772 666
4736 667
4314 668
2550 669
2207 670
2038 671
5100 672
3009 673
781 674
2626 675
3993 676
3741 677
3879 678
507 679
544 680
3805 681
612 682
5436 683
2609 684
2529 685
3675 686
4737 687
917 688
3532 689
2765 690
3636 691
2346 692
4157 693
4956 694
5189 695
1698 696
4586 697
1520 698
3891 699
2177 700
5506 701
5746 702
4501 703
1478 704
5459 705
5708 706
6003 707
1088 708
5636 709
3381 710
5809 711
3531 712
362 713
4750 714
2037 715
4914 716
5867 717
3248 718
4431 719
497 720
1549 721
3328 722
3496 723
5235 724
541 725
3519 726
251 727
3716 728
3717 729
3455 730
2789 731
2921 732
4034 733
3529 734
3072 735
1872 736
4146 737
4056 738
4822 739
4293 740
5660 741
1625 742
2103 743
3405 744
1624 745
1656 746
5049 747
5412 748
4077 749
1558 750
3307 751
5978 752
3427 753
4530 754
4768 755
1129 756
6006 757
620 758
2719 759
2066 760
2937 761
3504 762
2910 763
3470 764
181 765
5854 766
952 767
701 768
1424 769
5756 770
2512 771
3190 772
4989 773
1141 774
3341 775
1780 776
2484 777
3294 778
1164 779
5343 780
4387 781
443 782
1154 783
96 784
1660 785
2850 786
2737 787
4259 788
205 789
973 790
1600 791
2994 792
2743 793
624 794
2642 795
2829 796
2094 797
1527 798
3775 799
4627 800
3063 801
5085 802
162 803
1303 804
1591 805
78 806
4921 807
2686 808
5133 809
1450 810
1442 811
5542 812
4133 813
5372 814
4181 815
4626 816
455 817
1305 818
5805 819
10 820
4202 821
786 822
2020 823
2255 824
561 825
2532 826
3883 827
3606 828
1582 829
5058 830
552 831
1652 832
2759 833
397 834
4708 835
5680 836
3842 837
2386 838
775 839
373 840
5294 841
1663 842
137 843
1804 844
5788 845
5335 846
4632 847
680 848
2745 849
2773 850
371 851
5628 852
5924 853
796 854
822 855
4166 856
2363 857
3115 858
51 859
1702 860
5995 861
5703 862
5291 863
2301 864
1185 865
5338 866
6024 867
61 868
4434 869
1786 870
1310 871
5236 872
1641 873
4762 874
888 875
2139 876
5974 877
583 878
4611 879
971 880
5938 881
5103 882
5384 883
2376 884
3074 885
1084 886
3568 887
4414 888
3472 889
3928 890
3598 891
1957 892
881 893
3179 894
26 895
5178 896
4473 897
4733 898
3963 899
6031 900
2054 901
4759 902
6028 903
5420 904
2120 905
3239 906
4974 907
3497 908
4265 909
2611 910
2909 911
4074 912
4650 913
4138 914
5201 915
578 916
5641 917
2458 918
140 919
3735 920
2321 921
3 922
2345 923
2714 924
2303 925
81 926
3048 927
3400 928
4241 929
2903 930
839 931
2426 932
349 933
361 934
2498 935
2984 936
3774 937
1544 938
966 939
2335 940
3382 941
755 942
2766 943
1519 944
4485 945
1727 946
3692 947
5284 948
5529 949
4688 950
2879 951
780 952
1308 953
1579 954
1592 955
5464 956
4346 957
4600 958
3041 959
5690 960
2767 961
1419 962
2364 963
5174 964
914 965
4527 966
3178 967
2110 968
3212 969
188 970
252 971
4055 972
758 973
3003 974
5969 975
4701 976
3475 977
4763 978
3030 979
4151 980
3742 981
1844 982
2384 983
1089 984
1816 985
4165 986
2325 987
4963 988
4648 989
409 990
5523 991
1706 992
6010 993
4365 994
5896 995
5239 996
3095 997
3042 998
473 999
4327 1000
3670 1001
4601 1002
272 1003
749 1004
5494 1005
5050 1006
2436 1007
1578 1008
4426 1009
144 1010
1783 1011
5036 1012
5951 1013
4465 1014
1664 1015
4281 1016
3729 1017
4462 1018
4964 1019
4406 1020
2754 1021
932 1022
5824 1023
5485 1024
5288 1025
5719 1026
4351 1027
5684 1028
2856 1029
1113 1030
3975 1031
2310 1032
4564 1033
5380 1034
2562 1035
625 1036
5983 1037
4597 1038
3516 1039
4809 1040
2275 1041
5222 1042
1730 1043
1324 1044
4189 1045
5296 1046
3537 1047
4428 1048
2287 1049
5005 1050
69 1051
1998 1052
5203 1053
5518 1054
4292 1055
5438 1056
1712 1057
4383 1058
6015 1059
4363 1060
2952 1061
619 1062
1773 1063
3282 1064
2059 1065
2746 1066
668 1067
1328 1068
2161 1069
3195 1070
3214 1071
3204 1072
2115 1073
5393 1074
435 1075
5860 1076
3629 1077
4418 1078
4477 1079
117 1080
1622 1081
3444 1082
3792 1083
161 1084
1651 1085
1561 1086
2538 1087
3949 1088
4826 1089
3652 1090
3060 1091
2403 1092
1000 1093
332 1094
4240 1095
538 1096
2693 1097
3502 1098
535 1099
2700 1100
5356 1101
3243 1102
3219 1103
1822 1104
2806 1105
1740 1106
584 1107
2816 1108
176 1109
3425 1110
2600 1111
558 1112
845 1113
3180 1114
5679 1115
3565 1116
5146 1117
1290 1118
304 1119
789 1120
3562 1121
4840 1122
5182 1123
653 1124
1259 1125
4619 1126
4830 1127
663 1128
441 1129
1768 1130
4442 1131
5615 1132
2460 1133
2593 1134
659 1135
3940 1136
2263 1137
1570 1138
2758 1139
1612 1140
6008 1141
237 1142
1067 1143
5078 1144
2901 1145
1798 1146
5398 1147
5147 1148
4961 1149
4143 1150
1169 1151
4135 1152
2966 1153
898 1154
2270 1155
628 1156
3700 1157
3360 1158
1779 1159
2284 1160
52 1161
1086 1162
919 1163
3247 1164
3152 1165
962 1166
318 1167
4639 1168
4193 1169
4774 1170
4594 1171
3353 1172
616 1173
2241 1174
4391 1175
123 1176
256 1177
2024 1178
41 1179
1988 1180
1266 1181
747 1182
4210 1183
924 1184
2803 1185
1315 1186
1010 1187
2670 1188
1239 1189
3051 1190
502 1191
4137 1192
982 1193
2309 1194
5921 1195
1610 1196
3816 1197
1916 1198
4268 1199
2786 1200
5653 1201
2237 1202
30 1203
3126 1204
607 1205
1433 1206
4237 1207
5493 1208
3453 1209
3232 1210
853 1211
5656 1212
4245 1213
2323 1214
4757 1215
1240 1216
5927 1217
465 1218
6 1219
1059 1220
1924 1221
4821 1222
5559 1223
3546 1224
5208 1225
2201 1226
1920 1227
2729 1228
870 1229
3093 1230
2629 1231
4091 1232
1999 1233
5933 1234
3189 1235
489 1236
4020 1237
1385 1238
1350 1239
2478 1240
2511 1241
739 1242
2401 1243
3990 1244
960 1245
1914 1246
2368 1247
1606 1248
2495 1249
3877 1250
5253 1251
3011 1252
2234 1253
4555 1254
5185 1255
2419 1256
141 1257
5004 1258
691 1259
19 1260
5712 1261
1505 1262
3347 1263
3541 1264
3626 1265
2060 1266
1395 1267
1837 1268
5281 1269
4060 1270
5627 1271
4901 1272
277 1273
4248 1274
2362 1275
2027 1276
4680 1277
3584 1278
3168 1279
5781 1280
405 1281
2318 1282
3284 1283
1289 1284
5328 1285
4079 1286
3062 1287
5838 1288
4633 1289
1030 1290
2935 1291
1437 1292
5965 1293
2646 1294
1327 1295
3330 1296
3049 1297
4561 1298
1507 1299
4382 1300
4595 1301
2431 1302
357 1303
909 1304
4368 1305
4795 1306
1849 1307
526 1308
1521 1309
4286 1310
3079 1311
1247 1312
2825 1313
3634 1314
2916 1315
4634 1316
5123 1317
4323 1318
5163 1319
1322 1320
1342 1321
2100 1322
1553 1323
1050 1324
5000 1325
649 1326
3559 1327
5547 1328
3812 1329
2261 1330
179 1331
939 1332
4755 1333
1167 1334
1728 1335
3511 1336
1270 1337
2938 1338
281 1339
4888 1340
5872 1341
2071 1342
921 1343
4158 1344
3794 1345
1301 1346
4179 1347
1027 1348
2851 1349
4061 1350
2954 1351
2248 1352
3585 1353
936 1354
1474 1355
4047 1356
1534 1357
412 1358
1502 1359
3806 1360
5600 1361
2557 1362
2813 1363
3129 1364
5091 1365
1638 1366
1621 1367
3777 1368
4136 1369
431 1370
5325 1371
3969 1372
776 1373
5849 1374
3951 1375
846 1376
5887 1377
3402 1378
4456 1379
1826 1380
4796 1381
2445 1382
5747 1383
513 1384
4242 1385
1512 1386
2315 1387
4615 1388
4628 1389
5408 1390
1855 1391
3398 1392
4272 1393
3506 1394
5697 1395
3718 1396
4783 1397
2491 1398
3653 1399
5803 1400
4878 1401
1973 1402
2455 1403
5145 1404
3283 1405
5362 1406
381 1407
1879 1408
4729 1409
4054 1410
806 1411
2102 1412
4585 1413
3900 1414
5416 1415
2801 1416
2914 1417
2099 1418
5970 1419
163 1420
391 1421
3522 1422
2496 1423
3807 1424
3210 1425
291 1426
4113 1427
4086 1428
5072 1429
4341 1430
2192 1431
4057 1432
2231 1433
3151 1434
4523 1435
2159 1436
2378 1437
79 1438
1939 1439
275 1440
2198 1441
4847 1442
2583 1443
1423 1444
3697 1445
5916 1446
2131 1447
3773 1448
976 1449
3836 1450
5658 1451
1388 1452
2492 1453
5894 1454
1461 1455
1466 1456
184 1457
2726 1458
6035 1459
1991 1460
3755 1461
2706 1462
3409 1463
4669 1464
1205 1465
3739 1466
5456 1467
2587 1468
1138 1469
566 1470
2667 1471
1710 1472
5209 1473
711 1474
5040 1475
1432 1476
1237 1477
3707 1478
3597 1479
4124 1480
4225 1481
710 1482
2673 1483
5508 1484
1343 1485
3845 1486
3647 1487
1123 1488
3582 1489
5899 1490
2666 1491
501 1492
2996 1493
1981 1494
171 1495
3864 1496
64 1497
3703 1498
1572 1499
560 1500
1909 1501
3324 1502
2150 1503
5626 1504
2701 1505
2075 1506
4906 1507
3622 1508
5864 1509
2703 1510
9 1511
761 1512
5723 1513
1408 1514
5686 1515
602 1516
2414 1517
5569 1518
1800 1519
2957 1520
2179 1521
4168 1522
3075 1523
5865 1524
4670 1525
197 1526
3643 1527
1397 1528
1934 1529
1112 1530
1885 1531
4957 1532
2852 1533
3206 1534
5789 1535
1477 1536
3311 1537
4563 1538
928 1539
1662 1540
1434 1541
1645 1542
173 1543
5315 1544
1121 1545
4372 1546
4126 1547
1298 1548
5052 1549
3431 1550
5766 1551
3855 1552
641 1553
4811 1554
1070 1555
3163 1556
638 1557
695 1558
3050 1559
385 1560
2320 1561
3698 1562
5706 1563
4884 1564
4105 1565
2187 1566
5516 1567
3649 1568
5786 1569
5895 1570
5676 1571
1207 1572
1369 1573
2367 1574
2236 1575
2221 1576
2702 1577
2589 1578
1075 1579
1441 1580
5075 1581
801 1582
5575 1583
5413 1584
2190 1585
5243 1586
4167 1587
4760 1588
2943 1589
978 1590
5159 1591
2176 1592
486 1593
554 1594
1136 1595
5646 1596
3560 1597
4144 1598
5280 1599
2982 1600
2214 1601
4410 1602
2107 1603
5804 1604
16 1605
1565 1606
794 1607
908 1608
4604 1609
4198 1610
1526 1611
1835 1612
2452 1613
5392 1614
4035 1615
3731 1616
2308 1617
4176 1618
2687 1619
1846 1620
1754 1621
555 1622
2123 1623
2111 1624
868 1625
6030 1626
5771 1627
3709 1628
160 1629
609 1630
4362 1631
1480 1632
346 1633
1032 1634
1794 1635
3589 1636
4544 1637
1517 1638
4502 1639
234 1640
1575 1641
3976 1642
374 1643
3977 1644
404 1645
4412 1646
3363 1647
4008 1648
2394 1649
1765 1650
3878 1651
245 1652
1015 1653
216 1654
3556 1655
5155 1656
3086 1657
4201 1658
5478 1659
1911 1660
4538 1661
5780 1662
4577 1663
5732 1664
3058 1665
2136 1666
5820 1667
3808 1668
686 1669
4547 1670
4305 1671
5839 1672
2181 1673
4255 1674
5574 1675
2864 1676
5873 1677
2859 1678
2 1679
3677 1680
4180 1681
2463 1682
2884 1683
4731 1684
4574 1685
1367 1686
2645 1687
1365 1688
3483 1689
1200 1690
3383 1691
2428 1692
514 1693
4536 1694
2628 1695
4101 1696
3096 1697
4692 1698
5344 1699
1709 1700
4818 1701
5394 1702
5113 1703
3299 1704
4376 1705
235 1706
3578 1707
5538 1708
5762 1709
1791 1710
715 1711
5917 1712
5764 1713
5323 1714
532 1715
3676 1716
5580 1717
4027 1718
3194 1719
3764 1720
4318 1721
6027 1722
5829 1723
5512 1724
2462 1725
4975 1726
3261 1727
2438 1728
3142 1729
4104 1730
1468 1731
3892 1732
530 1733
5218 1734
198 1735
3517 1736
809 1737
425 1738
2591 1739
5657 1740
1268 1741
4397 1742
3968 1743
4122 1744
2894 1745
4898 1746
5010 1747
480 1748
4419 1749
524 1750
3349 1751
3319 1752
3374 1753
3071 1754
4810 1755
3140 1756
3120 1757
5144 1758
2073 1759
4849 1760
2288 1761
3118 1762
5102 1763
5134 1764
1093 1765
570 1766
3528 1767
968 1768
4175 1769
3822 1770
135 1771
8 1772
5661 1773
242 1774
1079 1775
2840 1776
5366 1777
156 1778
5027 1779
5111 1780
4195 1781
1796 1782
132 1783
5060 1784
157 1785
3823 1786
4543 1787
4269 1788
1172 1789
1886 1790
4344 1791
682 1792
2549 1793
3174 1794
539 1795
844 1796
3801 1797
1241 1798
2421 1799
2012 1800
811 1801
2040 1802
3309 1803
5232 1804
2983 1805
4441 1806
1508 1807
3481 1808
2082 1809
5092 1810
849 1811
3611 1812
2472 1813
4251 1814
4540 1815
5041 1816
1808 1817
4724 1818
5972 1819
4023 1820
1731 1821
2182 1822
3208 1823
467 1824
835 1825
5880 1826
5862 1827
145 1828
3266 1829
5856 1830
3841 1831
4655 1832
1669 1833
5421 1834
166 1835
548 1836
2668 1837
4038 1838
3357 1839
5473 1840
5663 1841
2552 1842
5726 1843
5179 1844
4324 1845
5566 1846
1873 1847
4025 1848
4916 1849
2406 1850
2278 1851
3861 1852
1677 1853
5884 1854
5797 1855
3633 1856
4112 1857
3824 1858
2526 1859
4835 1860
3573 1861
4150 1862
231 1863
2993 1864
2479 1865
1353 1866
353 1867
1735 1868
5285 1869
4587 1870
1031 1871
2449 1872
4605 1873
4093 1874
0 1875
3259 1876
4089 1877
3436 1878
5486 1879
1376 1880
3882 1881
1941 1882
5230 1883
2653 1884
1174 1885
4869 1886
2137 1887
5250 1888
2213 1889
3618 1890
2141 1891
1719 1892
2677 1893
724 1894
458 1895
1644 1896
1696 1897
4756 1898
5156 1899
3917 1900
4636 1901
3746 1902
1283 1903
5637 1904
2923 1905
2710 1906
4927 1907
2634 1908
2313 1909
3645 1910
772 1911
5360 1912
2564 1913
5608 1914
5084 1915
430 1916
5199 1917
5509 1918
3199 1919
298 1920
45 1921
4123 1922
5911 1923
4887 1924
4834 1925
1214 1926
3789 1927
1803 1928
5827 1929
990 1930
3467 1931
5317 1932
2312 1933
818 1934
2435 1935
3713 1936
4730 1937
5101 1938
3693 1939
889 1940
741 1941
1049 1942
3136 1943
2253 1944
2782 1945
2627 1946
122 1947
3033 1948
1555 1949
5570 1950
2918 1951
3391 1952
1320 1953
3927 1954
1085 1955
4033 1956
5457 1957
2976 1958
1975 1959
3170 1960
3369 1961
5378 1962
537 1963
4522 1964
2228 1965
689 1966
1194 1967
3609 1968
1673 1969
2013 1970
2751 1971
1409 1972
1398 1973
1694 1974
172 1975
5098 1976
1340 1977
1910 1978
622 1979
1799 1980
1811 1981
1177 1982
146 1983
5308 1984
2723 1985
771 1986
421 1987
4546 1988
946 1989
3772 1990
4890 1991
2919 1992
1427 1993
4405 1994
3586 1995
5517 1996
841 1997
1248 1998
1640 1999
2125 2000
1052 2001
316 2002
4342 2003
2397 2004
3897 2005
5377 2006
2503 2007
3908 2008
2930 2009
3430 2010
340 2011
2016 2012
5439 2013
2425 2014
329 2015
729 2016
5711 2017
851 2018
859 2019
2641 2020
4235 2021
4107 2022
5171 2023
4369 2024
2561 2025
2279 2026
3508 2027
2951 2028
323 2029
2783 2030
848 2031
4080 2032
2114 2033
4814 2034
284 2035
5533 2036
249 2037
4934 2038
2648 2039
687 2040
1091 2041
3250 2042
451 2043
657 2044
3972 2045
1714 2046
2822 2047
3258 2048
2946 2049
3154 2050
1836 2051
5022 2052
4874 2053
1566 2054
1748 2055
1265 2056
2005 2057
4345 2058
681 2059
4229 2060
5099 2061
4480 2062
1927 2063
5751 2064
148 2065
5624 2066
2149 2067
2404 2068
3985 2069
5462 2070
4984 2071
5920 2072
5180 2073
784 2074
733 2075
876 2076
466 2077
1980 2078
5612 2079
1148 2080
3167 2081
1810 2082
3852 2083
2757 2084
5776 2085
3310 2086
2787 2087
2422 2088
3612 2089
2035 2090
1552 2091
4880 2092
1894 2093
5833 2094
2019 2095
4662 2096
4206 2097
2129 2098
5989 2099
5853 2100
1047 2101
469 2102
190 2103
1448 2104
2193 2105
1777 2106
3967 2107
1722 2108
1899 2109
5221 2110
826 2111
1734 2112
5948 2113
3843 2114
790 2115
1516 2116
1144 2117
5654 2118
4678 2119
3903 2120
5701 2121
4075 2122
5994 2123
1375 2124
3414 2125
505 2126
5929 2127
773 2128
3666 2129
2992 2130
2908 2131
3035 2132
4506 2133
5750 2134
3044 2135
3291 2136
3146 2137
1725 2138
1897 2139
684 2140
5282 2141
4183 2142
2980 2143
5080 2144
5799 2145
2616 2146
2079 2147
4848 2148
4302 2149
3658 2150
1522 2151
302 2152
100 2153
4004 2154
3238 2155
3674 2156
4950 2157
4742 2158
250 2159
589 2160
4233 2161
4575 2162
3256 2163
1048 2164
3501 2165
767 2166
3520 2167
2820 2168
2623 2169
5166 2170
2283 2171
3043 2172
4161 2173
5252 2174
2799 2175
877 2176
2655 2177
3858 2178
5705 2179
1917 2180
2399 2181
5127 2182
3078 2183
1649 2184
5617 2185
3542 2186
4778 2187
5018 2188
1360 2189
5528 2190
3346 2191
2028 2192
1895 2193
2756 2194
4740 2195
3947 2196
1361 2197
4889 2198
3661 2199
5351 2200
977 2201
1329 2202
56 2203
220 2204
5095 2205
5443 2206
1402 2207
979 2208
3802 2209
3832 2210
1044 2211
5515 2212
2197 2213
1274 2214
5276 2215
3992 2216
1488 2217
970 2218
5718 2219
2837 2220
1068 2221
3285 2222
5274 2223
3037 2224
3287 2225
2924 2226
5470 2227
5301 2228
3846 2229
1306 2230
3388 2231
3047 2232
857 2233
3257 2234
504 2235
4838 2236
3785 2237
2437 2238
542 2239
5028 2240
3791 2241
5830 2242
1444 2243
4735 2244
1871 2245
5342 2246
1675 2247
3089 2248
5633 2249
617 2250
825 2251
3087 2252
5331 2253
3936 2254
5845 2255
1186 2256
717 2257
2485 2258
192 2259
5842 2260
5186 2261
2044 2262
3540 2263
4771 2264
2545 2265
1133 2266
83 2267
3935 2268
2863 2269
6033 2270
71 2271
3052 2272
2654 2273
2934 2274
768 2275
5503 2276
3013 2277
1390 2278
4554 2279
803 2280
1313 2281
660 2282
1109 2283
1701 2284
1137 2285
243 2286
4487 2287
2858 2288
475 2289
5871 2290
4779 2291
35 2292
4612 2293
1077 2294
4098 2295
1605 2296
5859 2297
5982 2298
3744 2299
3625 2300
1359 2301
1284 2302
2329 2303
2448 2304
1611 2305
3024 2306
3848 2307
464 2308
5 2309
3185 2310
1890 2311
3867 2312
4478 2313
2659 2314
377 2315
3592 2316
1006 2317
4704 2318
2950 2319
3267 2320
1573 2321
434 2322
2722 2323
2640 2324
5231 2325
4050 2326
1633 2327
5639 2328
1401 2329
5298 2330
24 2331
3991 2332
3760 2333
4065 2334
115 2335
5414 2336
1189 2337
864 2338
3547 2339
4850 2340
299 2341
5760 2342
1333 2343
1949 2344
1249 2345
5034 2346
5260 2347
4624 2348
5630 2349
5683 2350
3724 2351
4030 2352
4652 2353
3251 2354
4332 2355
3766 2356
3418 2357
942 2358
4798 2359
2388 2360
1615 2361
206 2362
4014 2363
5792 2364
5890 2365
2750 2366
2878 2367
2468 2368
1192 2369
4932 2370
4684 2371
5620 2372
2836 2373
5225 2374
4994 2375
202 2376
1650 2377
995 2378
5292 2379
2833 2380
2168 2381
2407 2382
1158 2383
5511 2384
3406 2385
2936 2386
4407 2387
1567 2388
2488 2389
754 2390
4059 2391
3712 2392
792 2393
1990 2394
2704 2395
1197 2396
1762 2397
553 2398
4537 2399
2206 2400
120 2401
950 2402
861 2403
2338 2404
5139 2405
882 2406
5295 2407
2513 2408
4379 2409
2232 2410
4856 2411
2392 2412
2906 2413
4879 2414
3957 2415
3981 2416
2842 2417
3012 2418
408 2419
969 2420
1252 2421
3959 2422
2771 2423
1017 2424
5367 2425
258 2426
1732 2427
5385 2428
4429 2429
3798 2430
5621 2431
4829 2432
3205 2433
929 2434
4519 2435
3085 2436
4998 2437
2987 2438
4488 2439
3211 2440
4947 2441
3536 2442
866 2443
3932 2444
3730 2445
93 2446
2542 2447
325 2448
985 2449
1720 2450
1626 2451
4070 2452
1332 2453
1687 2454
1540 2455
4716 2456
3538 2457
2772 2458
996 2459
1724 2460
4902 2461
4322 2462
5237 2463
5818 2464
3813 2465
5579 2466
4855 2467
1936 2468
1948 2469
5073 2470
63 2471
2931 2472
3577 2473
2922 2474
5136 2475
5405 2476
3884 2477
1318 2478
4160 2479
1380 2480
127 2481
2974 2482
820 2483
1511 2484
6000 2485
3492 2486
1227 2487
3145 2488
3684 2489
1643 2490
903 2491
1341 2492
80 2493
1326 2494
1417 2495
940 2496
4403 2497
2597 2498
3274 2499
5704 2500
4072 2501
3466 2502
1892 2503
5947 2504
5354 2505
4725 2506
5889 2507
3101 2508
2069 2509
4593 2510
3439 2511
1823 2512
2644 2513
1857 2514
3490 2515
1972 2516
867 2517
1581 2518
1739 2519
1590 2520
3966 2521
3396 2522
3782 2523
3679 2524
3918 2525
614 2526
5090 2527
1230 2528
4507 2529
5444 2530
2344 2531
4283 2532
3006 2533
5537 2534
1485 2535
3688 2536
4494 2537
752 2538
5453 2539
3564 2540
3440 2541
2243 2542
1307 2543
3964 2544
372 2545
765 2546
1132 2547
3853 2548
1580 2549
2342 2550
3110 2551
3733 2552
1125 2553
1217 2554
3098 2555
2088 2556
736 2557
4326 2558
2382 2559
732 2560
3515 2561
1776 2562
5606 2563
1788 2564
4212 2565
4274 2566
4807 2567
1969 2568
779 2569
5610 2570
1243 2571
1196 2572
2409 2573
2559 2574
5753 2575
3933 2576
5519 2577
1321 2578
1051 2579
1992 2580
5968 2581
890 2582
3961 2583
1471 2584
2696 2585
1193 2586
248 2587
887 2588
1755 2589
1782 2590
221 2591
492 2592
954 2593
3077 2594
5305 2595
303 2596
4863 2597
4539 2598
3272 2599
3165 2600
3370 2601
604 2602
2519 2603
1426 2604
4039 2605
5652 2606
1286 2607
4702 2608
4631 2609
1834 2610
2358 2611
5692 2612
5429 2613
661 2614
1571 2615
795 2616
2747 2617
3053 2618
2810 2619
3596 2620
4603 2621
2029 2622
170 2623
5595 2624
3332 2625
1370 2626
1263 2627
5140 2628
5668 2629
3950 2630
3844 2631
5990 2632
1215 2633
3728 2634
2694 2635
2286 2636
2429 2637
5536 2638
4097 2639
1261 2640
2817 2641
3308 2642
4295 2643
3263 2644
3605 2645
2022 2646
4659 2647
3799 2648
2418 2649
2348 2650
2439 2651
4083 2652
5700 2653
3765 2654
5814 2655
922 2656
1752 2657
5919 2658
1106 2659
3595 2660
2252 2661
5055 2662
1877 2663
1098 2664
3137 2665
1281 2666
5794 2667
3566 2668
2265 2669
4565 2670
344 2671
4517 2672
5810 2673
2784 2674
813 2675
4236 2676
1429 2677
1057 2678
4309 2679
274 2680
2467 2681
2271 2682
4986 2683
2604 2684
631 2685
1331 2686
3124 2687
4317 2688
860 2689
499 2690
1400 2691
5063 2692
697 2693
4460 2694
287 2695
1817 2696
2893 2697
2476 2698
3787 2699
3376 2700
1500 2701
3759 2702
21 2703
4064 2704
4803 2705
3240 2706
4275 2707
5835 2708
915 2709
3838 2710
175 2711
2063 2712
3856 2713
4657 2714
496 2715
4156 2716
2272 2717
3835 2718
1293 2719
5979 2720
4373 2721
4421 2722
1913 2723
3028 2724
1063 2725
1421 2726
2970 2727
440 2728
1550 2729
129 2730
510 2731
4436 2732
4793 2733
3217 2734
5150 2735
1757 2736
1966 2737
673 2738
2240 2739
5631 2740
4366 2741
1134 2742
3233 2743
5941 2744
4801 2745
1933 2746
3390 2747
3057 2748
3570 2749
3486 2750
4533 2751
5669 2752
2798 2753
3962 2754
5425 2755
2109 2756
4042 2757
4234 2758
5754 2759
4987 2760
1029 2761
1742 2762
947 2763
5247 2764
6014 2765
5363 2766
3269 2767
4800 2768
1114 2769
392 2770
2052 2771
5046 2772
23 2773
479 2774
4395 2775
4579 2776
4310 2777
2494 2778
208 2779
1460 2780
5581 2781
1366 2782
3810 2783
581 2784
5402 2785
94 2786
2761 2787
3498 2788
656 2789
2068 2790
636 2791
2631 2792
4558 2793
3135 2794
5299 2795
3019 2796
2592 2797
4508 2798
3216 2799
3833 2800
5825 2801
3123 2802
60 2803
4155 2804
3907 2805
4152 2806
2451 2807
1682 2808
1538 2809
3446 2810
5603 2811
699 2812
2162 2813
571 2814
5151 2815
5455 2816
2337 2817
4315 2818
2917 2819
2635 2820
2618 2821
1569 2822
3657 2823
1046 2824
5468 2825
3420 2826
2360 2827
383 2828
1535 2829
4355 2830
5545 2831
3059 2832
2724 2833
2547 2834
1883 2835
863 2836
956 2837
4108 2838
1832 2839
5550 2840
1334 2841
2324 2842
2580 2843
4452 2844
5666 2845
5659 2846
4051 2847
3604 2848
5094 2849
830 2850
4015 2851
336 2852
1863 2853
5395 2854
2074 2855
459 2856
4997 2857
2416 2858
2510 2859
5348 2860
2220 2861
4608 2862
3315 2863
2247 2864
810 2865
1531 2866
1255 2867
1348 2868
3242 2869
4424 2870
4484 2871
2939 2872
25 2873
3815 2874
3209 2875
2958 2876
5901 2877
2475 2878
2227 2879
2675 2880
769 2881
5875 2882
4715 2883
2273 2884
4337 2885
760 2886
4842 2887
3534 2888
3921 2889
343 2890
1655 2891
4374 2892
1841 2893
2317 2894
1100 2895
4976 2896
3218 2897
3478 2898
4461 2899
5042 2900
5956 2901
782 2902
5202 2903
5411 2904
1180 2905
3721 2906
2848 2907
967 2908
1962 2909
276 2910
4958 2911
3344 2912
5266 2913
5441 2914
4422 2915
1383 2916
4451 2917
2749 2918
1019 2919
4968 2920
3326 2921
608 2922
3631 2923
2876 2924
1025 2925
564 2926
2000 2927
2086 2928
640 2929
4919 2930
1774 2931
5847 2932
5826 2933
5476 2934
5749 2935
327 2936
1267 2937
3237 2938
3505 2939
5808 2940
5324 2941
4396 2942
1317 2943
3650 2944
2387 2945
2962 2946
4349 2947
5442 2948
1165 2949
2907 2950
4535 2951
2008 2952
4980 2953
2042 2954
694 2955
3084 2956
5257 2957
5452 2958
4263 2959
1119 2960
2233 2961
4915 2962
1646 2963
260 2964
4224 2965
1078 2966
4333 2967
65 2968
3646 2969
2155 2970
4839 2971
4985 2972
6021 2973
330 2974
1389 2975
5287 2976
394 2977
1838 2978
3193 2979
5002 2980
5914 2981
4532 2982
1014 2983
289 2984
1827 2985
3403 2986
2546 2987
3763 2988
2219 2989
301 2990
4370 2991
5935 2992
5775 2993
1557 2994
1594 2995
2095 2996
4720 2997
819 2998
2504 2999
2440 3000
3469 3001
5783 3002
1381 3003
3392 3004
3958 3005
3386 3006
5262 3007
2731 3008
3960 3009
3553 3010
644 3011
3767 3012
3149 3013
271 3014
2843 3015
905 3016
1489 3017
646 3018
4058 3019
5540 3020
5361 3021
2682 3022
748 3023
1760 3024
5130 3025
3143 3026
1392 3027
55 3028
5217 3029
3865 3030
2180 3031
534 3032
5773 3033
4483 3034
3826 3035
2555 3036
5784 3037
2615 3038
1161 3039
1761 3040
1416 3041
3600 3042
4247 3043
2945 3044
1104 3045
2524 3046
342 3047
5256 3048
390 3049
1145 3050
850 3051
2004 3052
3923 3053
989 3054
3796 3055
1056 3056
263 3057
359 3058
2991 3059
460 3060
3076 3061
4288 3062
3412 3063
1843 3064
3197 3065
3535 3066
3491 3067
5582 3068
4938 3069
3710 3070
3751 3071
1946 3072
1449 3073
2678 3074
5138 3075
5170 3076
4899 3077
2601 3078
5264 3079
2995 3080
567 3081
3345 3082
2405 3083
40 3084
3909 3085
900 3086
420 3087
933 3088
2895 3089
6019 3090
3875 3091
5647 3092
1061 3093
5059 3094
4578 3095
843 3096
2900 3097
5306 3098
3779 3099
5958 3100
2061 3101
4721 3102
2509 3103
5277 3104
718 3105
2259 3106
4482 3107
1302 3108
278 3109
5212 3110
3246 3111
4584 3112
98 3113
1819 3114
5869 3115
6026 3116
3830 3117
2191 3118
4962 3119
1922 3120
1199 3121
621 3122
3107 3123
254 3124
1153 3125
2430 3126
885 3127
3262 3128
5651 3129
411 3130
4140 3131
259 3132
4665 3133
2590 3134
4262 3135
1176 3136
3685 3137
4199 3138
4219 3139
945 3140
462 3141
5158 3142
5724 3143
305 3144
253 3145
2753 3146
3934 3147
3280 3148
4960 3149
3144 3150
4384 3151
878 3152
3447 3153
4041 3154
5251 3155
3663 3156
1476 3157
580 3158
1797 3159
1309 3160
4131 3161
4765 3162
193 3163
4864 3164
4087 3165
585 3166
5097 3167
3114 3168
5118 3169
5387 3170
1105 3171
1356 3172
261 3173
4930 3174
2372 3175
5790 3176
309 3177
2925 3178
2613 3179
1071 3180
559 3181
5576 3182
1523 3183
1004 3184
3277 3185
196 3186
4223 3187
3786 3188
5755 3189
4862 3190
1130 3191
1152 3192
1960 3193
2402 3194
1881 3195
4444 3196
1809 3197
2873 3198
1142 3199
4298 3200
2594 3201
4711 3202
2800 3203
416 3204
484 3205
1457 3206
1764 3207
2292 3208
5685 3209
5131 3210
2975 3211
5744 3212
1212 3213
2359 3214
199 3215
855 3216
4468 3217
4447 3218
872 3219
520 3220
854 3221
1358 3222
3034 3223
126 3224
4706 3225
4044 3226
3139 3227
5376 3228
3479 3229
2203 3230
3296 3231
1574 3232
5126 3233
1415 3234
5500 3235
1793 3236
5428 3237
3694 3238
101 3239
1546 3240
1271 3241
2927 3242
2124 3243
4134 3244
2457 3245
4858 3246
1422 3247
2669 3248
1418 3249
2533 3250
1968 3251
1758 3252
2811 3253
4545 3254
5268 3255
1111 3256
5505 3257
2217 3258
5534 3259
1168 3260
787 3261
873 3262
5029 3263
3157 3264
5931 3265
5604 3266
1953 3267
1692 3268
1713 3269
114 3270
1124 3271
2502 3272
1120 3273
3415 3274
2898 3275
1060 3276
77 3277
290 3278
5460 3279
1037 3280
1487 3281
2718 3282
3916 3283
5841 3284
296 3285
5791 3286
88 3287
3448 3288
5062 3289
5426 3290
4128 3291
1355 3292
4204 3293
4596 3294
5463 3295
2763 3296
2441 3297
5510 3298
2410 3299
3423 3300
895 3301
3623 3302
2866 3303
452 3304
1906 3305
97 3306
3460 3307
4513 3308
1246 3309
3680 3310
777 3311
1295 3312
5432 3313
802 3314
2658 3315
751 3316
139 3317
5347 3318
4942 3319
5194 3320
4000 3321
4347 3322
3899 3323
3171 3324
4402 3325
2633 3326
5082 3327
5513 3328
3894 3329
1987 3330
1413 3331
4319 3332
503 3333
4028 3334
1097 3335
5981 3336
1211 3337
5520 3338
5011 3339
599 3340
1775 3341
5224 3342
4635 3343
4435 3344
5678 3345
5125 3346
2092 3347
4433 3348
2824 3349
266 3350
2202 3351
1588 3352
2047 3353
4001 3354
2774 3355
5032 3356
951 3357
3172 3358
4019 3359
2981 3360
456 3361
4641 3362
5526 3363
2169 3364
2740 3365
528 3366
3133 3367
722 3368
3800 3369
3378 3370
4439 3371
5069 3372
3708 3373
4153 3374
3088 3375
2078 3376
2427 3377
3271 3378
1559 3379
1974 3380
3354 3381
1453 3382
5740 3383
762 3384
1631 3385
4338 3386
997 3387
5629 3388
745 3389
785 3390
2565 3391
241 3392
5248 3393
5214 3394
3306 3395
2885 3396
1190 3397
1595 3398
1717 3399
1659 3400
1707 3401
738 3402
286 3403
5190 3404
1632 3405
5910 3406
766 3407
4172 3408
5467 3409
4607 3410
5568 3411
5176 3412
4973 3413
2608 3414
5769 3415
5558 3416
4010 3417
2370 3418
4748 3419
4806 3420
1273 3421
1529 3422
4005 3423
2493 3424
1396 3425
753 3426
834 3427
1486 3428
2886 3429
1887 3430
3445 3431
1118 3432
4687 3433
5618 3434
3797 3435
3442 3436
4013 3437
1162 3438
4450 3439
5531 3440
4583 3441
5240 3442
5228 3443
5950 3444
4732 3445
3017 3446
4825 3447
5906 3448
2979 3449
4203 3450
4279 3451
1619 3452
3671 3453
2576 3454
5137 3455
5272 3456
5564 3457
5472 3458
519 3459
3397 3460
907 3461
2614 3462
5682 3463
1711 3464
3901 3465
3780 3466
674 3467
2417 3468
5196 3469
4654 3470
2742 3471
4713 3472
5081 3473
3762 3474
1143 3475
1907 3476
307 3477
707 3478
4398 3479
1964 3480
1384 3481
5650 3482
232 3483
2164 3484
2465 3485
3530 3486
2377 3487
1812 3488
3399 3489
5918 3490
4045 3491
703 3492
865 3493
4797 3494
4067 3495
31 3496
283 3497
1904 3498
1668 3499
5813 3500
294 3501
1801 3502
5793 3503
5128 3504
4371 3505
1928 3506
5172 3507
4002 3508
671 3509
588 3510
5122 3511
1653 3512
964 3513
3252 3514
1747 3515
472 3516
4728 3517
838 3518
1864 3519
557 3520
2444 3521
1233 3522
4904 3523
2965 3524
1940 3525
2294 3526
262 3527
2466 3528
3886 3529
3970 3530
5286 3531
4671 3532
1976 3533
5406 3534
5992 3535
5031 3536
1425 3537
4220 3538
3433 3539
5475 3540
3070 3541
2299 3542
448 3543
5632 3544
4714 3545
3510 3546
2098 3547
5999 3548
1011 3549
847 3550
3952 3551
869 3552
227 3553
652 3554
3181 3555
2183 3556
577 3557
1299 3558
5142 3559
2572 3560
5160 3561
5056 3562
4196 3563
6036 3564
4258 3565
1045 3566
3020 3567
4249 3568
2352 3569
2940 3570
4592 3571
133 3572
380 3573
4257 3574
5998 3575
5290 3576
3416 3577
3298 3578
5267 3579
1628 3580
798 3581
2956 3582
3297 3583
3351 3584
4799 3585
517 3586
5255 3587
3113 3588
5302 3589
5912 3590
1285 3591
3905 3592
1080 3593
1996 3594
169 3595
14 3596
4819 3597
4243 3598
3937 3599
546 3600
965 3601
3850 3602
1316 3603
4552 3604
5314 3605
4861 3606
2332 3607
4679 3608
1368 3609
5985 3610
59 3611
4967 3612
2662 3613
4401 3614
3343 3615
3484 3616
2875 3617
3825 3618
4782 3619
4827 3620
3064 3621
2300 3622
4959 3623
331 3624
3839 3625
1618 3626
3428 3627
5587 3628
1062 3629
5674 3630
3814 3631
5105 3632
4686 3633
2571 3634
4430 3635
2624 3636
2639 3637
2257 3638
358 3639
2605 3640
5772 3641
369 3642
3613 3643
3526 3644
5375 3645
1377 3646
2076 3647
2250 3648
1935 3649
2902 3650
2058 3651
5213 3652
2130 3653
2235 3654
62 3655
5664 3656
2727 3657
880 3658
5903 3659
2446 3660
3811 3661
487 3662
3313 3663
3387 3664
814 3665
3702 3666
2585 3667
395 3668
1715 3669
1178 3670
2119 3671
3859 3672
1637 3673
134 3674
4988 3675
182 3676
3288 3677
4853 3678
6037 3679
1862 3680
3979 3681
151 3682
155 3683
2941 3684
4512 3685
4599 3686
1743 3687
3569 3688
3857 3689
3581 3690
823 3691
712 3692
2195 3693
3173 3694
5409 3695
5967 3696
1277 3697
5269 3698
5578 3699
1292 3700
4357 3701
4529 3702
742 3703
5320 3704
683 3705
2053 3706
4681 3707
3521 3708
4896 3709
3350 3710
2349 3711
5358 3712
4280 3713
5964 3714
1686 3715
916 3716
5892 3717
2744 3718
3514 3719
4897 3720
5971 3721
5157 3722
3038 3723
3689 3724
5021 3725
1925 3726
3982 3727
2804 3728
902 3729
3974 3730
1705 3731
1115 3732
2944 3733
3422 3734
5768 3735
429 3736
2486 3737
3255 3738
136 3739
2819 3740
2760 3741
5837 3742
3023 3743
1414 3744
3854 3745
5507 3746
3696 3747
4301 3748
1680 3749
911 3750
5735 3751
3231 3752
3723 3753
2915 3754
1095 3755
574 3756
704 3757
5905 3758
3873 3759
2147 3760
600 3761
3196 3762
2212 3763
5552 3764
1220 3765
5289 3766
2663 3767
1533 3768
2146 3769
4127 3770
3293 3771
5694 3772
2223 3773
2341 3774
4908 3775
5757 3776
2050 3777
3203 3778
5665 3779
3449 3780
5868 3781
3587 3782
2375 3783
5812 3784
2867 3785
1399 3786
572 3787
73 3788
675 3789
1586 3790
2582 3791
5778 3792
4284 3793
4216 3794
2715 3795
3432 3796
3450 3797
3489 3798
1965 3799
2838 3800
4232 3801
268 3802
2821 3803
1074 3804
3265 3805
352 3806
4498 3807
2978 3808
2877 3809
5404 3810
5322 3811
648 3812
1016 3813
3327 3814
3987 3815
5984 3816
511 3817
4752 3818
1983 3819
4588 3820
4273 3821
5715 3822
5848 3823
3722 3824
5479 3825
3557 3826
5026 3827
1371 3828
665 3829
3736 3830
3750 3831
2577 3832
3268 3833
1428 3834
1405 3835
334 3836
2163 3837
3732 3838
4116 3839
1451 3840
5014 3841
698 3842
1209 3843
5923 3844
2199 3845
37 3846
4553 3847
4743 3848
1970 3849
4824 3850
2316 3851
5206 3852
3913 3853
428 3854
2717 3855
5563 3856
44 3857
706 3858
2011 3859
5008 3860
4571 3861
3734 3862
5737 3863
3590 3864
669 3865
5304 3866
2997 3867
5878 3868
2632 3869
5976 3870
3548 3871
4486 3872
388 3873
3893 3874
4521 3875
1693 3876
3890 3877
341 3878
3111 3879
5352 3880
3837 3881
2025 3882
1099 3883
124 3884
5297 3885
3008 3886
1942 3887
611 3888
177 3889
5461 3890
1173 3891
3014 3892
4009 3893
5909 3894
1210 3895
3477 3896
4551 3897
3989 3898
2021 3899
3575 3900
740 3901
2823 3902
1013 3903
4524 3904
5445 3905
3230 3906
1938 3907
1825 3908
3175 3909
5389 3910
2506 3911
27 3912
679 3913
4893 3914
5484 3915
3066 3916
1750 3917
351 3918
5364 3919
4416 3920
3965 3921
5736 3922
2553 3923
5279 3924
5477 3925
5675 3926
417 3927
3286 3928
3395 3929
2834 3930
941 3931
2612 3932
1256 3933
3312 3934
5966 3935
3915 3936
5782 3937
5278 3938
1092 3939
3980 3940
2116 3941
1404 3942
987 3943
4953 3944
217 3945
3429 3946
2862 3947
2736 3948
5109 3949
874 3950
2890 3951
3015 3952
50 3953
2002 3954
2365 3955
4766 3956
468 3957
4106 3958
5852 3959
200 3960
410 3961
4222 3962
629 3963
4703 3964
4463 3965
4011 3966
2515 3967
5939 3968
4289 3969
3745 3970
3998 3971
2988 3972
1691 3973
2343 3974
4261 3975
2334 3976
3651 3977
3102 3978
3818 3979
3435 3980
413 3981
852 3982
1156 3983
1223 3984
4380 3985
531 3986
471 3987
2855 3988
5161 3989
4696 3990
1903 3991
2121 3992
1497 3993
2793 3994
3925 3995
5067 3996
5551 3997
4651 3998
664 3999
2531 4000
3222 4001
912 4002
4828 4003
3603 4004
4739 4005
2258 4006
2692 4007
3045 4008
2679 4009
3644 4010
183 4011
3091 4012
533 4013
958 4014
1226 4015
4306 4016
840 4017
3473 4018
4812 4019
5167 4020
3379 4021
509 4022
4691 4023
1151 4024
3870 4025
1617 4026
4252 4027
4278 4028
164 4029
770 4030
20 4031
1866 4032
2831 4033
3187 4034
3871 4035
4786 4036
4392 4037
1771 4038
774 4039
2395 4040
1893 4041
1947 4042
4709 4043
862 4044
1443 4045
495 4046
5309 4047
896 4048
2807 4049
4088 4050
4256 4051
1236 4052
2871 4053
4629 4054
3463 4055
2887 4056
4693 4057
4700 4058
2456 4059
2290 4060
2089 4061
5942 4062
2383 4063
1042 4064
2039 4065
5689 4066
3339 4067
1391 4068
2733 4069
4503 4070
615 4071
4007 4072
5496 4073
1160 4074
3576 4075
113 4076
1122 4077
5589 4078
3340 4079
5594 4080
4955 4081
4526 4082
1944 4083
920 4084
2643 4085
4569 4086
2854 4087
1781 4088
1103 4089
2215 4090
1163 4091
5714 4092
2551 4093
1287 4094
4121 4095
543 4096
5959 4097
943 4098
1854 4099
4509 4100
2389 4101
5051 4102
1587 4103
1378 4104
1235 4105
5120 4106
1166 4107
3996 4108
3183 4109
3550 4110
1639 4111
1232 4112
2117 4113
2566 4114
4400 4115
5770 4116
4870 4117
58 4118
5334 4119
4200 4120
984 4121
3699 4122
2415 4123
719 4124
4254 4125
1147 4126
68 4127
214 4128
1648 4129
4911 4130
2764 4131
4464 4132
92 4133
2849 4134
320 4135
2350 4136
1201 4137
1821 4138
476 4139
1219 4140
3902 4141
4479 4142
4285 4143
3955 4144
477 4145
1188 4146
5204 4147
1829 4148
6012 4149
3468 4150
4359 4151
2650 4152
3889 4153
1275 4154
1362 4155
3610 4156
2596 4157
2730 4158
1647 4159
5382 4160
1753 4161
5963 4162
1551 4163
5265 4164
5596 4165
688 4166
95 4167
3931 4168
269 4169
894 4170
3338 4171
817 4172
1842 4173
5840 4174
5229 4175
2108 4176
4913 4177
3364 4178
5806 4179
5458 4180
103 4181
4644 4182
4459 4183
3094 4184
450 4185
3601 4186
5588 4187
1373 4188
3026 4189
3323 4190
1393 4191
667 4192
5311 4193
5497 4194
4230 4195
5483 4196
605 4197
3984 4198
5733 4199
4171 4200
4852 4201
2045 4202
470 4203
1438 4204
1323 4205
2298 4206
143 4207
2268 4208
3134 4209
3757 4210
1767 4211
2712 4212
5623 4213
2490 4214
4016 4215
4335 4216
2647 4217
3740 4218
5565 4219
3809 4220
2929 4221
6002 4222
1278 4223
3372 4224
300 4225
4505 4226
1603 4227
345 4228
6039 4229
2536 4230
3407 4231
5543 4232
1509 4233
1763 4234
5940 4235
1729 4236
22 4237
3919 4238
1043 4239
1034 4240
4622 4241
3880 4242
5466 4243
2305 4244
5527 4245
808 4246
999 4247
279 4248
3220 4249
3668 4250
4313 4251
363 4252
1039 4253
1020 4254
1435 4255
5763 4256
3459 4257
5946 4258
3640 4259
5765 4260
4581 4261
1543 4262
3654 4263
1064 4264
5707 4265
746 4266
4495 4267
2688 4268
2148 4269
5450 4270
5418 4271
4751 4272
5843 4273
3408 4274
490 4275
886 4276
2113 4277
4570 4278
2170 4279
1721 4280
4474 4281
2790 4282
4923 4283
18 4284
4727 4285
1135 4286
3424 4287
5798 4288
2030 4289
264 4290
1690 4291
3904 4292
4672 4293
2671 4294
4903 4295
4805 4296
1066 4297
1464 4298
750 4299
4169 4300
5900 4301
2560 4302
3092 4303
1090 4304
4886 4305
5489 4306
4296 4307
2507 4308
3632 4309
991 4310
988 4311
211 4312
43 4313
2070 4314
2530 4315
5973 4316
3105 4317
4717 4318
3276 4319
2617 4320
5193 4321
523 4322
2282 4323
1454 4324
5427 4325
5634 4326
3756 4327
213 4328
4348 4329
338 4330
4049 4331
5693 4332
4872 4333
326 4334
4722 4335
3235 4336
2093 4337
5164 4338
2581 4339
178 4340
5341 4341
4734 4342
2239 4343
3302 4344
1496 4345
2204 4346
799 4347
2738 4348
5907 4349
1901 4350
4062 4351
5390 4352
3682 4353
4066 4354
5124 4355
5980 4356
2709 4357
4791 4358
2208 4359
4625 4360
1951 4361
3706 4362
257 4363
791 4364
5897 4365
618 4366
4115 4367
2844 4368
1213 4369
4695 4370
2569 4371
48 4372
4991 4373
1667 4374
1473 4375
4606 4376
324 4377
3602 4378
1338 4379
3672 4380
3874 4381
4253 4382
5546 4383
613 4384
5539 4385
5307 4386
3290 4387
4775 4388
4990 4389
219 4390
5187 4391
632 4392
3201 4393
3241 4394
1040 4395
483 4396
5086 4397
527 4398
4003 4399
1937 4400
1116 4401
1494 4402
1828 4403
5210 4404
1022 4405
4643 4406
4227 4407
2606 4408
5454 4409
1688 4410
927 4411
763 4412
4754 4413
335 4414
1959 4415
1601 4416
1532 4417
3380 4418
387 4419
5882 4420
5283 4421
209 4422
5816 4423
3738 4424
5548 4425
2314 4426
3186 4427
2106 4428
4910 4429
4637 4430
2373 4431
2762 4432
4389 4433
1146 4434
4472 4435
3895 4436
1978 4437
4082 4438
1931 4439
756 4440
4458 4441
1807 4442
15 4443
2033 4444
1958 4445
3458 4446
5977 4447
2989 4448
3273 4449
4287 4450
3995 4451
2080 4452
2518 4453
1889 4454
5802 4455
832 4456
3169 4457
2174 4458
449 4459
5070 4460
3046 4461
111 4462
1609 4463
5567 4464
1859 4465
3437 4466
601 4467
6029 4468
5611 4469
3930 4470
2351 4471
6001 4472
3022 4473
5625 4474
2196 4475
3863 4476
6007 4477
4260 4478
3295 4479
3761 4480
3156 4481
4300 4482
386 4483
478 4484
1250 4485
4689 4486
1518 4487
805 4488
4308 4489
5943 4490
2880 4491
3207 4492
1584 4493
4559 4494
1833 4495
4784 4496
5861 4497
3691 4498
2474 4499
5057 4500
5858 4501
3375 4502
2489 4503
3683 4504
4741 4505
726 4506
5997 4507
5828 4508
314 4509
4330 4510
5696 4511
2964 4512
3401 4513
2959 4514
1878 4515
4214 4516
3160 4517
3082 4518
2226 4519
2369 4520
3040 4521
365 4522
2307 4523
3983 4524
594 4525
4808 4526
5898 4527
2870 4528
3768 4529
3279 4530
5177 4531
797 4532
3419 4533
5721 4534
725 4535
5117 4536
3329 4537
4883 4538
743 4539
606 4540
4591 4541
4773 4542
54 4543
339 4544
1684 4545
3090 4546
3795 4547
1597 4548
627 4549
1312 4550
5583 4551
3318 4552
2464 4553
3270 4554
4163 4555
3461 4556
3687 4557
4710 4558
5023 4559
4788 4560
4813 4561
1979 4562
2788 4563
4449 4564
5742 4565
5944 4566
1234 4567
2242 4568
225 4569
4658 4570
1908 4571
5132 4572
4859 4573
3563 4574
2883 4575
2264 4576
5258 4577
4510 4578
2256 4579
3518 4580
1492 4581
1593 4582
4892 4583
5607 4584
576 4585
4982 4586
4099 4587
1244 4588
2839 4589
1510 4590
3898 4591
158 4592
575 4593
5104 4594
485 4595
379 4596
676 4597
5192 4598
5807 4599
2932 4600
3443 4601
4162 4602
3184 4603
4394 4604
3715 4605
3558 4606
1149 4607
5205 4608
2101 4609
4875 4610
4026 4611
4660 4612
3493 4613
5592 4614
1898 4615
4187 4616
4948 4617
370 4618
4794 4619
4325 4620
5223 4621
4946 4622
551 4623
5071 4624
4845 4625
4573 4626
4361 4627
728 4628
3462 4629
4792 4630
563 4631
3635 4632
1614 4633
382 4634
1187 4635
57 4636
1276 4637
1994 4638
29 4639
17 4640
2200 4641
4238 4642
5116 4643
2274 4644
3593 4645
446 4646
4297 4647
3426 4648
4466 4649
2961 4650
2381 4651
109 4652
893 4653
2785 4654
2356 4655
1472 4656
2385 4657
2649 4658
4493 4659
1562 4660
2499 4661
1018 4662
5597 4663
2166 4664
1150 4665
1840 4666
3158 4667
2238 4668
716 4669
705 4670
3320 4671
3914 4672
1023 4673
2656 4674
2544 4675
1856 4676
3389 4677
713 4678
5319 4679
2672 4680
1679 4681
4952 4682
3352 4683
2818 4684
5532 4685
313 4686
5613 4687
3885 4688
2036 4689
5902 4690
4432 4691
5555 4692
2697 4693
3225 4694
2142 4695
5437 4696
267 4697
3869 4698
1463 4699
5047 4700
2683 4701
3673 4702
4490 4703
4411 4704
4935 4705
212 4706
1364 4707
2194 4708
4816 4709
2172 4710
2791 4711
592 4712
2942 4713
4630 4714
708 4715
2665 4716
5154 4717
2122 4718
2043 4719
764 4720
1087 4721
3588 4722
104 4723
3065 4724
3215 4725
3039 4726
4598 4727
2246 4728
1703 4729
3452 4730
110 4731
4499 4732
4900 4733
3669 4734
82 4735
5557 4736
3198 4737
5934 4738
165 4739
5383 4740
858 4741
5904 4742
3988 4743
1386 4744
1814 4745
556 4746
1346 4747
354 4748
4609 4749
3615 4750
2537 4751
2891 4752
2361 4753
2847 4754
5593 4755
393 4756
5015 4757
4094 4758
4145 4759
1658 4760
2175 4761
246 4762
5598 4763
1613 4764
4992 4765
4646 4766
5368 4767
1475 4768
586 4769
1382 4770
3662 4771
3743 4772
5502 4773
5648 4774
2153 4775
3619 4776
4046 4777
2967 4778
993 4779
3245 4780
2770 4781
4117 4782
2331 4783
4177 4784
1954 4785
1831 4786
650 4787
4277 4788
1830 4789
121 4790
4656 4791
4865 4792
5001 4793
2809 4794
6017 4795
3130 4796
4417 4797
2218 4798
3260 4799
2969 4800
4664 4801
2152 4802
2830 4803
3227 4804
130 4805
1884 4806
86 4807
4747 4808
5667 4809
424 4810
4707 4811
90 4812
2432 4813
2009 4814
3150 4815
2826 4816
4753 4817
3097 4818
2691 4819
1490 4820
4149 4821
2412 4822
1069 4823
1339 4824
2869 4825
5440 4826
1446 4827
1604 4828
2205 4829
3771 4830
3226 4831
5585 4832
337 4833
5834 4834
4154 4835
957 4836
3941 4837
4129 4838
5038 4839
3474 4840
2398 4841
4358 4842
651 4843
2304 4844
5330 4845
5819 4846
1568 4847
1021 4848
1260 4849
1738 4850
4661 4851
901 4852
4804 4853
1036 4854
6016 4855
3887 4856
49 4857
3579 4858
5874 4859
2814 4860
3002 4861
508 4862
1008 4863
3356 4864
2563 4865
2051 4866
4282 4867
4445 4868
1839 4869
3783 4870
4617 4871
36 4872
4941 4873
105 4874
2920 4875
12 4876
3624 4877
4667 4878
2097 4879
2354 4880
5434 4881
2928 4882
2353 4883
5422 4884
4423 4885
4454 4886
829 4887
3112 4888
5017 4889
1993 4890
2779 4891
5709 4892
1699 4893
2471 4894
1269 4895
949 4896
4891 4897
4197 4898
5811 4899
3872 4900
4354 4901
4843 4902
2374 4903
5079 4904
634 4905
2289 4906
419 4907
2477 4908
5822 4909
677 4910
3656 4911
4018 4912
2049 4913
3555 4914
5584 4915
2584 4916
1495 4917
5492 4918
913 4919
2277 4920
2459 4921
5962 4922
1253 4923
1847 4924
3637 4925
1127 4926
4367 4927
2599 4928
87 4929
2140 4930
1759 4931
38 4932
3335 4933
5562 4934
215 4935
3881 4936
3926 4937
2508 4938
191 4939
837 4940
6013 4941
930 4942
3148 4943
5504 4944
1131 4945
3119 4946
3080 4947
4294 4948
4139 4949
4516 4950
5110 4951
1984 4952
5866 4953
2173 4954
4476 4955
1536 4956
4690 4957
1498 4958
3954 4959
2986 4960
5200 4961
5758 4962
4922 4963
1225 4964
2775 4965
1665 4966
1630 4967
2707 4968
5993 4969
433 4970
1666 4971
5270 4972
1929 4973
5836 4974
5115 4975
76 4976
4496 4977
1744 4978
4291 4979
3036 4980
67 4981
4787 4982
1806 4983
2899 4984
1815 4985
5695 4986
4209 4987
3494 4988
3337 4989
5495 4990
1282 4991
5925 4992
926 4993
3545 4994
721 4995
6032 4996
4525 4997
986 4998
5263 4999
961 5000
4873 5001
5638 5002
6022 5003
1170 5004
150 5005
4244 5006
3686 5007
366 5008
702 5009
3264 5010
672 5011
5076 5012
2481 5013
2728 5014
445 5015
5850 5016
6034 5017
4514 5018
2322 5019
4837 5020
4969 5021
2480 5022
5107 5023
2366 5024
5863 5025
5446 5026
2158 5027
5645 5028
2420 5029
5318 5030
2160 5031
5932 5032
4043 5033
3031 5034
3574 5035
3010 5036
364 5037
4239 5038
322 5039
187 5040
4610 5041
5922 5042
149 5043
3943 5044
1195 5045
2396 5046
4102 5047
4118 5048
1576 5049
4945 5050
2380 5051
2637 5052
4142 5053
4356 5054
3162 5055
1785 5056
3994 5057
5857 5058
4769 5059
512 5060
899 5061
759 5062
2517 5063
321 5064
4415 5065
518 5066
4580 5067
5054 5068
5141 5069
700 5070
2716 5071
2505 5072
5525 5073
974 5074
4147 5075
2330 5076
2651 5077
5785 5078
4857 5079
3394 5080
2134 5081
4831 5082
403 5083
5699 5084
5553 5085
1995 5086
2340 5087
2297 5088
804 5089
308 5090
5381 5091
2539 5092
1848 5093
4978 5094
5886 5095
2874 5096
2171 5097
565 5098
1352 5099
75 5100
2949 5101
3454 5102
2306 5103
46 5104
3480 5105
5870 5106
4188 5107
891 5108
5879 5109
2327 5110
5498 5111
315 5112
1053 5113
3061 5114
569 5115
2540 5116
662 5117
2574 5118
3614 5119
3561 5120
4109 5121
934 5122
1440 5123
5419 5124
1096 5125
1026 5126
4353 5127
2575 5128
2333 5129
2090 5130
5396 5131
2578 5132
1661 5133
4550 5134
5801 5135
2062 5136
4071 5137
5195 5138
2602 5139
3200 5140
5241 5141
3945 5142
2841 5143
2905 5144
5088 5145
4228 5146
1560 5147
1294 5148
3849 5149
4191 5150
5370 5151
5089 5152
356 5153
5037 5154
3551 5155
1009 5156
828 5157
1481 5158
827 5159
3253 5160
1736 5161
1870 5162
3754 5163
3527 5164
2126 5165
2450 5166
3678 5167
4504 5168
3366 5169
4328 5170
4404 5171
2948 5172
4084 5173
3922 5174
4031 5175
1394 5176
1179 5177
2357 5178
2661 5179
3847 5180
5152 5181
5114 5182
744 5183
3953 5184
3159 5185
904 5186
1778 5187
1513 5188
4789 5189
879 5190
28 5191
4971 5192
5619 5193
3117 5194
1971 5195
3828 5196
5065 5197
3868 5198
5044 5199
1206 5200
195 5201
2741 5202
5087 5203
3720 5204
5640 5205
2118 5206
1257 5207
5121 5208
4777 5209
3188 5210
118 5211
2371 5212
4926 5213
4092 5214
4712 5215
5728 5216
4491 5217
5490 5218
453 5219
4340 5220
1932 5221
1506 5222
3554 5223
5153 5224
2210 5225
5522 5226
5823 5227
1216 5228
4520 5229
3753 5230
4012 5231
3322 5232
4381 5233
265 5234
32 5235
2796 5236
3132 5237
807 5238
2017 5239
1563 5240
1961 5241
4981 5242
2768 5243
1072 5244
5777 5245
5716 5246
4548 5247
3122 5248
4647 5249
5353 5250
2104 5251
595 5252
685 5253
2145 5254
4022 5255
1024 5256
432 5257
4995 5258
2096 5259
2543 5260
1102 5261
5226 5262
2621 5263
4928 5264
1387 5265
3862 5266
931 5267
5003 5268
2827 5269
4767 5270
1795 5271
4885 5272
2245 5273
1403 5274
4226 5275
1718 5276
3069 5277
992 5278
4676 5279
5220 5280
3778 5281
5643 5282
2960 5283
4267 5284
3138 5285
6009 5286
3367 5287
4303 5288
4560 5289
1325 5290
422 5291
5025 5292
89 5293
2453 5294
3543 5295
5273 5296
5271 5297
3499 5298
647 5299
4977 5300
2260 5301
3223 5302
3413 5303
4616 5304
4979 5305
5702 5306
623 5307
2872 5308
4666 5309
816 5310
2156 5311
3719 5312
454 5313
1985 5314
3456 5315
678 5316
4620 5317
2326 5318
2311 5319
5259 5320
3221 5321
229 5322
3131 5323
545 5324
3820 5325
3362 5326
1900 5327
4329 5328
5590 5329
3281 5330
1824 5331
1635 5332
3580 5333
4668 5334
923 5335
4770 5336
3876 5337
5346 5338
5430 5339
2972 5340
2091 5341
4364 5342
5447 5343
637 5344
963 5345
1589 5346
871 5347
3781 5348
540 5349
547 5350
4918 5351
3116 5352
937 5353
1319 5354
4582 5355
5482 5356
1674 5357
4215 5358
240 5359
11 5360
3081 5361
4182 5362
4438 5363
4999 5364
4781 5365
3973 5366
3784 5367
3714 5368
1891 5369
1952 5370
3451 5371
1264 5372
5928 5373
972 5374
610 5375
4021 5376
5491 5377
1676 5378
3664 5379
5767 5380
5710 5381
5609 5382
3404 5383
925 5384
5371 5385
5586 5386
3912 5387
2570 5388
3229 5389
3552 5390
426 5391
5465 5392
1858 5393
4802 5394
1436 5395
333 5396
2229 5397
3032 5398
955 5399
3321 5400
1499 5401
3667 5402
5745 5403
4481 5404
783 5405
230 5406
935 5407
4572 5408
4576 5409
2185 5410
549 5411
5449 5412
5310 5413
4685 5414
2244 5415
4744 5416
1997 5417
5844 5418
91 5419
5233 5420
4549 5421
5670 5422
3176 5423
1545 5424
4321 5425
4645 5426
1766 5427
983 5428
4867 5429
1820 5430
4457 5431
1850 5432
4618 5433
5662 5434
3711 5435
2319 5436
491 5437
4674 5438
4339 5439
1542 5440
1919 5441
3021 5442
3305 5443
4299 5444
1003 5445
1058 5446
1912 5447
1001 5448
1182 5449
1379 5450
5499 5451
5474 5452
670 5453
3834 5454
2861 5455
2990 5456
4081 5457
282 5458
5614 5459
1629 5460
1254 5461
2521 5462
2072 5463
2888 5464
5591 5465
5108 5466
3840 5467
3860 5468
918 5469
4408 5470
4841 5471
247 5472
2501 5473
5143 5474
3512 5475
5883 5476
6005 5477
2794 5478
2610 5479
582 5480
1583 5481
2067 5482
2752 5483
6004 5484
5725 5485
4211 5486
4218 5487
4312 5488
3956 5489
1784 5490
1537 5491
5326 5492
5560 5493
3690 5494
2769 5495
4723 5496
1139 5497
696 5498
1420 5499
2165 5500
4937 5501
5544 5502
643 5503
5738 5504
3182 5505
4192 5506
1654 5507
4467 5508
5207 5509
348 5510
142 5511
1242 5512
2554 5513
3594 5514
5571 5515
1108 5516
5488 5517
152 5518
5524 5519
4100 5520
5451 5521
5881 5522
3411 5523
1726 5524
2497 5525
3166 5526
4304 5527
836 5528
2607 5529
3393 5530
4871 5531
2127 5532
1452 5533
4772 5534
2579 5535
1923 5536
131 5537
833 5538
3821 5539
4682 5540
5244 5541
2041 5542
1950 5543
727 5544
1372 5545
4125 5546
1689 5547
2267 5548
3155 5549
2588 5550
4936 5551
1335 5552
4972 5553
244 5554
4749 5555
2454 5556
3301 5557
4815 5558
2347 5559
5112 5560
310 5561
981 5562
626 5563
5720 5564
757 5565
4053 5566
2689 5567
4649 5568
4621 5569
1608 5570
5249 5571
4052 5572
2216 5573
368 5574
714 5575
85 5576
3300 5577
3334 5578
2845 5579
3292 5580
2209 5581
3421 5582
5169 5583
5012 5584
4385 5585
2138 5586
4185 5587
1963 5588
4069 5589
1716 5590
730 5591
5083 5592
3083 5593
2556 5594
1670 5595
1198 5596
2500 5597
5743 5598
2143 5599
398 5600
3695 5601
690 5602
4917 5603
2249 5604
2135 5605
5936 5606
4375 5607
186 5608
1602 5609
3630 5610
3224 5611
5009 5612
5388 5613
5181 5614
4642 5615
4970 5616
2006 5617
1 5618
1291 5619
1482 5620
3368 5621
3384 5622
3627 5623
5211 5624
5635 5625
3147 5626
5093 5627
5926 5628
4909 5629
5316 5630
5035 5631
5238 5632
4119 5633
1514 5634
1354 5635
493 5636
3747 5637
5541 5638
2832 5639
5188 5640
2285 5641
1515 5642
5727 5643
2393 5644
1989 5645
1484 5646
3896 5647
4785 5648
402 5649
1222 5650
4699 5651
2133 5652
525 5653
3377 5654
5573 5655
5821 5656
1967 5657
47 5658
4640 5659
3164 5660
2423 5661
1410 5662
2674 5663
5599 5664
3788 5665
3109 5666
2739 5667
2434 5668
5400 5669
4132 5670
5332 5671
1915 5672
1751 5673
3018 5674
3228 5675
4290 5676
500 5677
1790 5678
5642 5679
5043 5680
3125 5681
1636 5682
5350 5683
4929 5684
3314 5685
1251 5686
3331 5687
3946 5688
4320 5689
1746 5690
3410 5691
1681 5692
3942 5693
2660 5694
4515 5695
375 5696
498 5697
3770 5698
2835 5699
2522 5700
1902 5701
3054 5702
4096 5703
4567 5704
596 5705
4148 5706
1455 5707
1708 5708
4437 5709
3655 5710
522 5711
4120 5712
1737 5713
603 5714
2732 5715
3373 5716
5987 5717
521 5718
831 5719
2534 5720
3275 5721
4894 5722
5336 5723
1493 5724
1288 5725
4425 5726
280 5727
3303 5728
5431 5729
2400 5730
1845 5731
3417 5732
4951 5733
998 5734
5435 5735
536 5736
1238 5737
1279 5738
1671 5739
3567 5740
3359 5741
461 5742
2913 5743
897 5744
3488 5745
1596 5746
5246 5747
2685 5748
4360 5749
3725 5750
5622 5751
630 5752
2625 5753
4164 5754
4613 5755
167 5756
2014 5757
2413 5758
2828 5759
550 5760
53 5761
788 5762
2630 5763
5471 5764
1678 5765
1896 5766
1406 5767
1181 5768
1430 5769
529 5770
3827 5771
4205 5772
5554 5773
1258 5774
436 5775
1851 5776
4 5777
815 5778
125 5779
2186 5780
2065 5781
4881 5782
3471 5783
3726 5784
3333 5785
3100 5786
3464 5787
2056 5788
5469 5789
1300 5790
2211 5791
2795 5792
2328 5793
3748 5794
1564 5795
418 5796
2664 5797
312 5798
1155 5799
3648 5800
3659 5801
2128 5802
856 5803
2808 5804
70 5805
1005 5806
5020 5807
406 5808
444 5809
666 5810
3513 5811
4719 5812
3004 5813
2705 5814
4776 5815
1171 5816
2778 5817
2968 5818
4511 5819
3316 5820
5915 5821
4455 5822
5168 5823
2280 5824
5752 5825
1977 5826
2461 5827
2003 5828
2064 5829
201 5830
1874 5831
4844 5832
4090 5833
2963 5834
1704 5835
633 5836
2251 5837
1054 5838
3108 5839
2755 5840
1530 5841
1634 5842
4614 5843
5671 5844
228 5845
4073 5846
4860 5847
367 5848
1337 5849
4217 5850
1272 5851
2442 5852
3544 5853
13 5854
4440 5855
1344 5856
2860 5857
2797 5858
3939 5859
4764 5860
1007 5861
5996 5862
1547 5863
4207 5864
4531 5865
5106 5866
3776 5867
5053 5868
5832 5869
2681 5870
2657 5871
1157 5872
2998 5873
1107 5874
427 5875
5293 5876
5748 5877
292 5878
2725 5879
5739 5880
2780 5881
2516 5882
1012 5883
2636 5884
4705 5885
2469 5886
4895 5887
5949 5888
5572 5889
3978 5890
2926 5891
2676 5892
3769 5893
4492 5894
2889 5895
994 5896
5991 5897
3236 5898
5961 5899
5415 5900
3355 5901
4534 5902
4557 5903
128 5904
2815 5905
1875 5906
1852 5907
2023 5908
734 5909
892 5910
1672 5911
4698 5912
1524 5913
5986 5914
4562 5915
4173 5916
4854 5917
4497 5918
3591 5919
222 5920
2355 5921
5148 5922
5759 5923
72 5924
4331 5925
224 5926
3465 5927
3244 5928
1363 5929
438 5930
4745 5931
3599 5932
4141 5933
1865 5934
1462 5935
4761 5936
1117 5937
3106 5938
4475 5939
270 5940
2812 5941
84 5942
2483 5943
2973 5944
2619 5945
2222 5946
2424 5947
4876 5948
5359 5949
1528 5950
2971 5951
1627 5952
66 5953
1357 5954
401 5955
4746 5956
4448 5957
3213 5958
3441 5959
1585 5960
4270 5961
474 5962
4469 5963
5717 5964
2189 5965
1504 5966
5006 5967
1556 5968
442 5969
1789 5970
5955 5971
4271 5972
5731 5973
138 5974
2487 5975
635 5976
1297 5977
3638 5978
4386 5979
1038 5980
2541 5981
4939 5982
3153 5983
1229 5984
3572 5985
3620 5986
562 5987
4409 5988
2792 5989
5399 5990
4589 5991
4006 5992
306 5993
2046 5994
174 5995
2001 5996
6011 5997
4823 5998
5549 5999
4568 6000
3971 6001
1140 6002
2055 6003
2473 6004
2912 6005
639 6006
2947 6007
4336 6008
1076 6009
5197 6010
1262 6011
4377 6012
3249 6013
778 6014
223 6015
5424 6016
1868 6017
3888 6018
2603 6019
494 6020
1930 6021
4266 6022
4905 6023
5219 6024
3639 6025
3938 6026
821 6027
3202 6028
1202 6029
2684 6030
5877 6031
1439 6032
2586 6033
5501 6034
4920 6035
4443 6036
1955 6037
4471 6038
2151 6039
